   epoch   train    test
       9   79.95   79.20
      19   80.94   79.89
      29   81.28   80.51
      39   81.44   80.59
      49   81.50   80.51
      59   81.61   80.64
      69   81.65   80.73
      79   81.69   80.70
      89   81.98   81.22
      99   81.44   80.37
     109   81.52   80.40
     119   81.46   80.33
     129   81.72   81.00
     139   81.81   80.86
     149   81.25   80.39
     159   81.21   80.10
     169   82.08   81.27
     179   81.64   80.71
     189   81.65   80.75
     199   81.35   80.43
     209   82.16   81.20
     219   81.91   81.15
     229   81.68   80.89
     239   81.50   80.42
     249   81.86   80.95
     259   82.02   81.10
     269   82.05   81.29
     279   82.25   81.30
     289   81.60   80.67
     299   81.94   81.02
     309   81.91   80.93
     319   82.01   80.98
     329   82.12   81.07
     339   81.89   80.88
     349   82.28   81.50
     359   82.30   81.44
     369   82.20   81.22
     379   81.86   81.04
     389   81.99   81.12
     399   81.94   81.03
     409   82.15   81.43
     419   82.12   81.35
     429   82.33   81.41
     439   81.86   80.84
     449   82.24   81.20
     459   82.16   81.17
     469   82.07   81.03
     479   82.24   81.33
     489   82.04   80.82
     499   82.11   81.25
     509   81.80   80.62
     519   82.12   81.25
     529   82.11   81.39
     539   82.05   81.04
     549   82.29   81.41
     559   82.36   81.42
     569   82.24   81.08
     579   81.93   80.94
     589   81.86   80.85
     599   82.17   81.13
     609   82.27   81.18
     619   81.99   80.83
     629   82.16   81.05
     639   82.26   81.47
     649   81.75   80.77
     659   82.35   81.45
     669   81.81   80.93
     679   82.12   81.24
     689   82.04   81.15
     699   82.08   81.06
     709   81.79   80.55
     719   82.19   81.38
     729   81.99   81.04
     739   82.00   81.02
     749   82.08   81.05
     759   82.23   81.16
     769   82.24   81.27
     779   81.99   80.86
     789   81.89   80.96
     799   82.27   81.36
     809   82.03   81.07
     819   81.98   81.00
     829   82.12   81.10
     839   82.31   81.24
     849   82.09   80.98
     859   82.23   81.25
     869   81.92   80.91
     879   81.97   81.14
     889   82.20   81.14
     899   82.17   81.21
     909   82.40   81.39
     919   82.35   81.49
     929   82.10   81.16
     939   81.77   80.78
     949   82.22   81.37
     959   81.97   80.98
     969   82.02   81.06
     979   81.88   80.91
     989   82.20   81.34
     999   82.30   81.46
    1000   82.30   81.46
