   epoch   train    test
       9   97.88   97.68
      19   98.39   97.97
      29   98.53   98.03
      39   98.66   98.23
      49   98.72   98.10
      59   98.82   98.23
      69   98.88   98.28
      79   98.90   98.33
      89   98.91   98.15
      99   98.98   98.40
     109   99.01   98.46
     119   99.05   98.44
     129   99.06   98.32
     139   99.11   98.45
     149   99.13   98.54
     159   99.12   98.44
     169   99.15   98.42
     179   99.18   98.54
     189   99.17   98.48
     199   99.21   98.48
     209   99.19   98.46
     219   99.22   98.49
     229   99.23   98.44
     239   99.19   98.48
     249   99.26   98.55
     259   99.25   98.48
     269   99.23   98.51
     279   99.27   98.58
     289   99.28   98.54
     299   99.30   98.58
     309   99.30   98.55
     319   99.29   98.56
     329   99.29   98.54
     339   99.33   98.54
     349   99.31   98.56
     359   99.26   98.52
     369   99.34   98.60
     379   99.33   98.51
     389   99.32   98.48
     399   99.35   98.51
     409   99.33   98.52
     419   99.37   98.55
     429   99.39   98.59
     439   99.37   98.56
     449   99.36   98.56
     459   99.37   98.61
     469   99.37   98.57
     479   99.39   98.59
     489   99.39   98.49
     499   99.39   98.60
     509   99.39   98.64
     519   99.40   98.62
     529   99.38   98.58
     539   99.39   98.53
     549   99.40   98.55
     559   99.38   98.50
     569   99.39   98.63
     579   99.42   98.60
     589   99.41   98.54
     599   99.37   98.56
     609   99.42   98.59
     619   99.43   98.57
     629   99.41   98.56
     639   99.41   98.63
     649   99.41   98.51
     659   99.45   98.66
     669   99.44   98.58
     679   99.43   98.57
     689   99.43   98.54
     699   99.44   98.58
     709   99.44   98.61
     719   99.42   98.57
     729   99.41   98.64
     739   99.46   98.58
     749   99.43   98.53
     759   99.43   98.62
     769   99.46   98.56
     779   99.44   98.53
     789   99.48   98.66
     799   99.44   98.54
     809   99.44   98.62
     819   99.47   98.63
     829   99.45   98.59
     839   99.47   98.54
     849   99.47   98.58
     859   99.45   98.62
     869   99.47   98.61
     879   99.48   98.57
     889   99.49   98.52
     899   99.49   98.57
     909   99.47   98.56
     919   99.45   98.61
     929   99.49   98.60
     939   99.44   98.57
     949   99.47   98.59
     959   99.49   98.57
     969   99.51   98.58
     979   99.49   98.61
     989   99.47   98.53
     999   99.50   98.65
    1000   99.50   98.65
