   epoch   train    test
       9   84.92   85.77
      19   86.82   87.72
      29   87.42   88.17
      39   87.73   88.56
      49   87.97   88.62
      59   88.12   88.78
      69   88.32   88.93
      79   88.31   89.02
      89   88.32   88.93
      99   88.44   89.02
     109   88.53   89.13
     119   88.62   89.20
     129   88.67   89.28
     139   88.67   89.30
     149   88.75   89.36
     159   88.75   89.41
     169   88.81   89.46
     179   88.86   89.50
     189   88.86   89.45
     199   88.96   89.56
     209   88.99   89.57
     219   88.98   89.55
     229   89.06   89.55
     239   89.06   89.58
     249   89.05   89.57
     259   89.07   89.60
     269   89.07   89.51
     279   89.14   89.64
     289   89.14   89.65
     299   89.19   89.71
     309   89.19   89.71
     319   89.27   89.73
     329   89.24   89.74
     339   89.29   89.77
     349   89.18   89.65
     359   89.14   89.58
     369   89.21   89.69
     379   89.26   89.74
     389   89.25   89.79
     399   89.37   89.90
     409   89.25   89.82
     419   89.29   89.87
     429   89.29   89.88
     439   89.35   89.93
     449   89.29   89.87
     459   89.26   89.83
     469   89.25   89.85
     479   89.31   89.88
     489   89.28   89.88
     499   89.30   89.89
     509   89.30   89.92
     519   89.33   89.93
     529   89.30   89.89
     539   89.36   89.94
     549   89.35   89.94
     559   89.34   89.93
     569   89.33   89.92
     579   89.34   89.93
     589   89.40   89.98
     599   89.37   89.97
     609   89.32   89.92
     619   89.31   89.87
     629   89.35   89.93
     639   89.28   89.81
     649   89.32   89.88
     659   89.38   89.95
     669   89.36   89.92
     679   89.38   89.98
     689   89.34   89.92
     699   89.37   89.95
     709   89.33   89.86
     719   89.35   89.93
     729   89.33   89.87
     739   89.33   89.89
     749   89.35   89.95
     759   89.41   89.92
     769   89.36   89.92
     779   89.35   89.88
     789   89.39   89.90
     799   89.36   89.91
     809   89.36   89.92
     819   89.35   89.87
     829   89.38   89.91
     839   89.35   89.84
     849   89.41   89.86
     859   89.39   89.88
     869   89.42   89.86
     879   89.44   89.93
     889   89.43   89.93
     899   89.38   89.83
     909   89.42   89.89
     919   89.41   89.88
     929   89.31   89.81
     939   89.45   89.91
     949   89.44   89.92
     959   89.40   89.89
     969   89.45   89.90
     979   89.43   89.91
     989   89.36   89.82
     999   89.38   89.88
