   epoch   train    test
       9   63.13   62.40
      19   63.93   63.24
      29   64.60   63.82
      39   64.99   64.10
      49   65.14   64.32
      59   65.42   64.58
      69   65.48   64.64
      79   65.61   64.93
      89   65.68   65.17
      99   65.75   65.11
     109   65.85   65.20
     119   65.87   65.30
     129   65.87   65.40
     139   65.89   65.27
     149   65.92   65.26
     159   65.97   65.34
     169   66.12   65.49
     179   66.14   65.53
     189   66.15   65.68
     199   66.27   65.66
     209   66.33   65.66
     219   66.36   65.72
     229   66.40   65.81
     239   66.40   65.75
     249   66.45   65.82
     259   66.52   65.86
     269   66.59   65.96
     279   66.62   66.00
     289   66.65   66.06
     299   66.67   66.07
     309   66.69   66.05
     319   66.77   66.12
     329   66.84   66.12
     339   66.83   66.07
     349   66.84   66.10
     359   66.87   66.11
     369   66.86   66.13
     379   66.97   66.24
     389   66.99   66.30
     399   66.99   66.35
     409   66.98   66.37
     419   66.99   66.39
     429   67.00   66.38
     439   67.02   66.37
     449   67.07   66.41
     459   67.05   66.38
     469   67.09   66.47
     479   67.07   66.46
     489   67.10   66.46
     499   67.07   66.47
     509   67.10   66.45
     519   67.10   66.48
     529   67.12   66.53
     539   67.09   66.53
     549   67.13   66.55
     559   67.12   66.57
     569   67.20   66.59
     579   67.12   66.53
     589   67.17   66.55
     599   67.18   66.53
     609   67.16   66.49
     619   67.18   66.54
     629   67.16   66.49
     639   67.18   66.50
     649   67.15   66.49
     659   67.20   66.49
     669   67.13   66.44
     679   67.16   66.45
     689   67.16   66.43
     699   67.17   66.41
     709   67.14   66.40
     719   67.16   66.47
     729   67.21   66.46
     739   67.15   66.44
     749   67.16   66.48
     759   67.15   66.47
     769   67.19   66.48
     779   67.17   66.48
     789   67.19   66.51
     799   67.21   66.51
     809   67.16   66.45
     819   67.16   66.43
     829   67.18   66.51
     839   67.19   66.50
     849   67.15   66.45
     859   67.18   66.56
     869   67.15   66.49
     879   67.19   66.53
     889   67.13   66.43
     899   67.18   66.51
     909   67.17   66.45
     919   67.18   66.53
     929   67.20   66.47
     939   67.16   66.44
     949   67.17   66.47
     959   67.18   66.51
     969   67.19   66.49
     979   67.18   66.48
     989   67.18   66.51
     999   67.21   66.50
