  0.70375669   0.50382066   0.54544932   0.62231386   0.70662159   0.26434809   0.90389687   0.79770941   0.52068216   0.22962792 
  0.20882282   0.04160289   0.12257780  -0.49349469   0.33156994  -0.19018224   2.36375833   0.23617357   0.02061430  -0.06879798 
  0.33644679  -0.23502901   4.81626701   4.20687914  -5.01028156  -1.09943557  -1.57639766  -0.33696118  -1.34673107   1.16920733 
 -0.34635293   4.11499119   0.30862588  -1.85619307  -0.79974276   0.22996742  -1.05258155  -0.03080290   0.14324293   0.28192875 
  0.96425301  -1.64463019  -0.47325799   0.35695511   0.54043216  -0.03974450   2.17001128   0.23382258  -0.85017955  -0.22490826 
  1.68452263   3.17647433   3.56864333   1.04280353  -4.67492247   0.53108668  -4.07150888  -0.26148188   1.06902885  -0.99044323 
 -0.51629472  -1.48580956  -1.88065064  -1.04805827   1.79093230   1.25958443   2.09597898  -0.18300897  -0.85968953   1.20671499 
 -0.03329787   0.08302142  -0.29900485   0.35348788   0.47480413   0.50207824   0.45368651   0.93767881   0.52020144   1.54947734 
 -0.75965446   0.25543079  -0.12179223   0.97565675   0.27729976   0.07635164   0.88336372   0.77743137   2.59364724   0.42172629 
  8.83328629  -0.30058312   0.87641639  -4.98486710  -1.79510784  -1.01705456   0.28391498   1.51052451  -2.21666265  -0.12103689 
  0.74948388  -4.93583202   0.80120027   4.11884308   1.66228914   0.70627832   3.45482492   0.79038686  -5.13161135  -0.94944066 
 -0.72095585   3.62158179  -0.66388482  -0.65264308   2.16613603  -0.30909380  -0.54775876   1.16408765  -1.12385976  -2.03698301 
 -1.05204618   2.31564927  -0.85292250  -2.11801457   1.92589128  -0.10741623   0.55356735  -0.66867059  -0.14289223   1.29885697 
 -1.30809569  -1.06607687  -0.52844709   1.45439303   1.23584354   0.48171759   1.66954243  -0.97603214  -1.72793996   1.55643797 
  4.77417088  -1.42707181   0.19467098  -2.71493673  -1.67860711   4.64941263   0.46294716  -0.32752481  -1.72135389  -1.49800682 
 -2.23757172   0.81985605  -0.77772695   1.26736355   0.06145318  -0.81513447  -0.89209145   0.33335692   1.66978872   2.93501663 
 -1.47096968   0.29751673  -2.49182487   1.74899721  -0.42528683  -1.06541753  -0.68791509  -0.60438830   7.25185108  -0.44473386 
  8.69860554  -0.55959004  -1.03725219  -3.69245744  -1.57884026  -2.16946840  -0.56882727   2.28406072   2.01234770  -2.94223022 
  2.26339936  -2.57894230   2.72620749  -2.01234269   3.09604836  -2.65479875   1.54944944  -0.04474348   0.34768745  -1.61177242 
 -0.02696326   2.53159332   0.53135014   2.15258718  -1.14430988   1.50476599  -1.05062366  -2.17954230   2.54875684  -3.92549825 
 -0.33215064   2.70069814   0.14040595  -0.77882290  -1.74510598   0.48490813  -0.49877340  -1.18797433  -1.16467690   3.30599499 
  0.10785110  -0.57622099   0.22063451  -0.69601142   1.21669006  -0.86503994   0.24450319   1.27944934  -0.72706920   0.87934631 
  1.49345434  -0.45958850  -0.49461329  -0.15395722  -0.76591402  -0.19065055   0.02321722  -2.41141796  -0.80058300   4.89015055 
 -2.17513847   0.68329287  -0.62305516   1.02908230   0.42792454   3.68698525  -0.85114849  -3.68997478   2.05872607  -0.01806577 
 -1.06757426   0.70793396  -3.20785284   0.84930933  -1.53010345  -1.32201004  -2.01939654  -3.03466225  13.07866669  -1.16066635 
 -6.11344624  -0.25648901   3.23882580   1.84281766  -0.07747138  -4.48432159   2.45023060  -1.97381079   7.31755209  -1.12901902 
 -0.67294872   0.41223565  -0.30152759  -1.17418814   1.30022788  -0.43140650   1.62651098  -1.47920310   0.19419119   1.55740130 
  1.17653227  -1.01472616  -0.23778611   0.80898100   0.15792270   2.82871437  -0.55280697   0.35773790   0.05557536  -2.53191900 
 -0.21312405   0.19231440   0.16541469   0.14269130  -0.11173940  -3.62359619   0.24744573   2.89352298  -0.37568107   1.67566502 
  0.54052973  -0.21517409  -0.52275383  -0.56715274   0.30399862  -0.28071129   0.23328812   0.87689006   0.43091258   0.14383718 
 -0.79777950   0.06476574   0.78783983   0.59552616  -0.48076919   0.78749102   0.30816036   0.09515754  -1.17991126   0.85301167 
  0.56246638  -0.06716275  -0.37245262  -0.39679697  -0.05765945  -0.88216943  -0.22315407   4.08959103   0.66747838  -2.23937798 
  1.46979916   0.26007846  -2.19215775  -0.54013282  -0.75416017  -4.59734726  -1.05825996   5.99932289   1.75328827   0.35800681 
 -0.35753930  -0.18302637   1.23144674   0.01779689  -0.52425605   5.03369284   0.30395269  -2.98357511  -1.17215204  -0.20711586 
 -0.05447091   0.36928523  -0.44499725  -0.37813228   0.52463382   1.92180145  -0.43074191   0.66790277   0.61311316  -1.83361328 
 -0.01563438  -0.61778647   0.28392243   0.88476014   0.05244848  -2.69103241   0.16304429   2.05379748   0.26123261   0.64265621 
  0.00226361   0.48912576  -0.08793724  -0.33090749  -0.27331814   1.34807181  -0.13162732  -0.53197086  -0.25566903   0.75877678 
  0.30240607  -0.24860902  -0.43807834  -0.00147910   0.38617632   3.49257112  -0.28319237  -1.59275806  -0.08841259  -0.54850543 
 -0.76755095   0.23932789   0.75566244  -0.25095832  -0.27653164  -2.01388979   0.60742152   3.36624479  -0.41601732  -0.20830692 
  0.15589826   0.08198545  -0.29787061  -0.00162282   0.10177287   0.09548300  -0.32601708   0.76039559   0.03067324   0.37491405 
  1.57821846   0.55497408  -1.91117513  -0.33534196  -2.26374459  -2.22970438  -0.68713945   0.14097300   1.80041873   4.02869415 
 -1.31676245   0.36276934   1.08172047  -0.44854218  -0.63330120   2.62730289   1.68058276   0.12609470   0.15142789  -2.54733109 
 -0.17581324  -0.26475894  -0.26011437  -0.40695009   2.65255094   2.72214174  -1.32740831  -0.21529855   0.84594160  -2.54186797 
  0.49497476  -0.47503373   0.29988730   1.11988735  -1.37547934  -1.03487861  -0.08461269  -1.28742838   0.37417528   2.86516666 
  0.50578272  -1.23675656  -0.11315001   1.76050949  -0.13113901  -0.23738176   0.24687658   0.49501520   0.56994218  -0.80519569 
 -0.24817459   0.84921664  -0.78540766  -1.39521682   1.54204905  -3.53159833  -0.83857930   1.89416587   0.72182024   2.86840129 
 -0.75918734  -0.36203045   0.63823581   0.15368269  -0.15517527   2.44963908   0.49764416  -1.70205295  -0.14178325   0.36689165 
  1.08581233   0.53309101  -0.43119246   0.10778756  -1.07763100   3.93249702  -0.24946295  -1.47665775  -0.58452004  -0.79733020 
  1.68276107   1.03798163  -2.72108197   0.56252819  -2.37146664   0.31372142  -0.89615059  -0.38160023   2.29131842   2.47134542 
 -2.48484921   0.64976227   0.66160107  -0.80839628   1.22797918   0.55132645  -0.15752394   0.11059367   1.78533161  -1.12455988 
  0.52657950  -1.43639779  -0.03405022  -0.67523873   0.91077125   1.09304833   2.18935037  -0.98946512  -2.02327490   1.37873411 
 -0.18193719   1.18216026   1.26123202   1.37527406  -1.09183109   0.59747761  -1.82494748  -0.54299945  -0.43973315   1.17302811 
 -0.84129906  -2.42147541   2.01876807   2.66463065   1.27397215   1.15922499  -1.54750812  -0.89333248   1.07366645  -1.92166448 
  1.05285633   0.91119003  -0.34168097  -1.78953063  -0.26534685  -2.70849037   1.92958343   0.74940723   2.64763284  -1.22605491 
 -1.52059567   0.01429190   0.23237675  -0.82605231   1.25903797  -4.21103334   0.46351242   0.08555417   1.53379261   4.10781574 
  0.72816634   0.54867899  -1.94327533   0.51395559  -1.47661054   1.61228561  -1.04754865  -1.33177352   1.21493685   1.67711794 
 -0.31633422   0.29808190  -0.48428079  -0.08477087   0.69888556   1.42612374   0.55400628   0.16722320   0.64472002  -0.60509640 
 -2.41600323  -0.88947290   3.94548059  -0.23788650   3.14100385  -0.09571556  -1.27510858   0.54191798   0.12026946  -1.44570601 
  2.88152409   0.49085808  -2.03682446  -1.51909447  -3.01610899   0.73371077  -1.27954161  -0.07535421   3.59429288   1.27654660 
 -1.28961873   0.74470067  -2.36594081   1.10158765  -0.54650098   1.59800613   1.39164448   0.16912299  -0.31063083  -0.06909132 
  0.93790841  -2.84435797  -1.40406394   3.26753831   0.99222159  -1.47068751   2.72870874   0.15109169  -0.36416814  -0.46432391 
  2.70696831   2.47867823  -0.41157034  -1.10383499  -1.95305502  -0.15918991  -0.50457609  -0.47317424   2.24455714  -1.80081129 
 -1.91487753  -1.33657253   4.76331854  -0.14771545   2.50502181  -1.02874565  -1.07566047   0.84486824  -0.60266393  -1.19893849 
 -0.86536145   0.46912581   0.01398739  -0.05708317   0.86448580   1.62434721   0.72439253  -0.03408522  -0.31066719  -0.59090543 
