  8.50443554   5.93983984  -2.78418875  10.68914223   4.77540016  32.14440536   9.86112213   2.31191945  -6.65987110   9.14396000 
  6.48520660   0.98516816 -12.49114037  -5.43700266 -10.22975159 -18.96578979  13.26553726  10.27550602  30.62869644  14.76636887 
-12.13032913   5.64306927   1.21900380  30.43160629   6.29264498  -1.64100230  -6.09209585  21.70972443 -16.35758209  -9.98126030 
  0.36250439   2.75981307   3.57394433  27.23785591  15.78536606   7.28951359   0.84237295  22.49196243   1.83500743  31.35786057 
  0.57125765  13.87469959  27.34734344  -2.51177192  19.93957901   5.06112194  20.53141975  14.42514515  -8.14719772 -26.20717812 
 12.68299389  11.82213974   3.62434864   2.93591380  23.63760567  10.47267532   6.38768625   4.40915680   2.86288214   5.62482786 
 13.82222462  19.70093727  10.46151543  -3.66664410  14.69871140   0.59827876  -3.59676456  -2.55588293  10.18646431  14.50919056 
-19.99373817 -19.54476166  28.21312523  24.26657677 -15.61609077 -11.83017254  13.36438751   4.58970737  22.73981094 -12.82765388 
  1.43053770  10.65397930   6.99608898  -5.33777046  20.49562645   0.22517380  14.88987064  -2.33650208  22.06669807 -12.65554333 
  0.50874412  -3.42839241 -18.33354378 -10.58836937  13.51860237  -7.51070547  -1.63087559  -5.81956244  -1.47024584  14.92686844 
-13.05485439   4.15550327  12.20448303  18.52239799  13.69176674  23.35232925  25.87499619   7.53128195 -20.28829002  11.51496696 
  7.04514217  28.34874725  14.51041603   9.49794197 -11.59387684   8.61780834   7.04399538   3.77030253  -3.28545308   2.35051703 
 15.83016014 -12.77126312  -6.31645918  -1.19653571  -8.15805435  35.21102905   1.77077818   7.20812654   5.94965172  10.12314224 
  4.03869486  20.47852898  20.25613785   0.65300018  24.31493378  19.73661995  -2.52983284  25.61897278   9.17567158  31.62905693 
 14.44565296  18.09791946  24.99244118   2.94820809 -24.43142891 -21.41626167  -7.82656813  22.09450912 -12.58385086  -9.20322704 
-17.68479919  17.44256783 -14.96100140 -22.21530724   8.41687679  21.74699783 -11.70503998 -17.26322556  13.54338074  18.84891129 
-16.42764854  22.83882904   8.99850941  -3.85297799  -2.36261821  13.82894897  -0.07221685  -4.48843193  24.88281631   3.62262273 
 20.22089005  13.60475636   4.09861517  22.57647705   2.81978106  -8.52476692  31.64655876   6.85299635   5.68454456   6.01029587 
  6.36041737  15.26577473  24.87010002  -3.63149548   9.26295757   7.10512447  19.29326439  21.20231056  24.07925224   7.67665958 
 21.88279915  11.98549366   4.07538319   1.06900382  22.99782944   6.25133896  -4.56532860   6.18049288   1.36833739 -14.68174934 
-18.21728897  -2.92626619  16.43112564  -1.49611497 -17.57311630   5.95844746  23.77722740  -5.26597691  -7.00824451  10.80996895 
 18.52495575  -2.28162909   4.70437860  23.21680260   9.04414654  -3.22312450   0.12880068   5.79668617   1.54087281   8.06237793 
  5.03428268  10.83136177  -0.46022967  36.13395309  27.64530182  -1.54598045  17.85782051  16.84648895  36.17838669   6.87138700 
 -6.40098953   7.33325863  17.56057358   7.05190468  12.17571926  -2.78562665  13.21469879   2.01712775 -19.36105156  -1.54018497 
 15.68197250 -22.77979660 -11.19418049 -28.59881210  23.47580338   6.01039171 -14.11168385   6.27118731   4.73030519  10.82216644 
  8.07015705   3.21240187   8.46642113  11.87509632   1.28127217   4.74940109   0.30678609  22.80494690   7.44381237  -0.31225821 
  8.17620659 -24.01534462  29.64299393  -4.54944038 -14.71445751  26.41241455   1.77853465 -15.42054081  25.24796677  10.20429325 
  4.11720896   4.31622982  -2.98965478   4.88600636  -3.84094930  10.37236404  12.54454613   7.04806614  -1.45772469   8.85815907 
 26.08696556  19.01269150  -0.77641338  -0.18985926  13.73642063  -3.87356877  13.59284496 -11.31566238   4.67013359 -11.62261963 
 -6.49889517  21.60965157   7.98911953  23.23073387  13.24610710   3.10847259 -12.06306171 -12.33183765  13.65494251   0.52990609 
 29.12964630 -31.58092308   3.50378728 -10.72567368   1.03565478   5.98581886   0.42600811  19.67926216   2.18851733  -0.91711646 
 14.57497978 -13.31352329  -5.33391953  -0.13498957  -1.31905293  13.06318378 -10.86195374   0.81953913  11.12434673 -27.80410004 
 20.37576485   5.81283092 -21.68879318   8.45377064  15.13673306  -1.92012405  -4.29148340  -4.90127516  24.58634567  23.17119980 
  1.51437151  33.93402863  13.44975090  14.51488686 -15.87535858  11.16481018 -10.34070301  14.25533867  39.07525635  -4.07500219 
 -0.32647285   1.50235999 -11.40620041   8.78107738 -16.72881317  16.03732109   7.48370743  17.18079376  17.25153351  -7.68856668 
  2.12502265   2.04064202  18.93672752 -15.08604336   0.05082610  13.57500935   3.39020014  -1.52185786 -10.16961288  -9.41097546 
-15.80072212   3.92095613 -21.05182266  -1.57827067   1.12324965   3.84138274  22.20408058  11.24316978   9.72637272   2.71125817 
  7.81010723   1.10114920  -2.63469720  31.40979767  10.88640308  23.25688362  13.80070305   8.69290161 -11.89057732  -1.04276824 
  8.46326065  31.44643211 -13.16332150   7.13913059   1.76499736   9.74152279  -7.47576475 -11.35643482  17.43418884  16.40402985 
-34.95050812  10.05110264  -7.02856398   7.53611660  12.10094357  -8.80105114  -3.20725822  17.41558647 -15.18671608  -0.40981060 
 12.31316662   6.08180571  11.09613800  13.49207306  17.83424187   5.10631466 -16.25740242  10.28656197   6.38814878  -0.55736196 
  1.07966530  -8.62184143 -10.14979935  -0.19263473 -28.16273308  12.74446106 -22.00688362  -1.49713242 -12.44842529  35.58676910 
-13.28414536  -8.56649685 -10.10439968  33.97250748  -4.79038811  -2.38165927   2.15400338   5.82922506  15.60700607   5.84711599 
-12.82679272  14.75656986  -6.39466381  21.53683662   8.94180679   9.10987949  41.16709900  -8.30454540  23.59210777  27.13633347 
 -6.47830200   8.80303955   8.89702129  21.46970177  11.39584637   1.91944432  28.44745636  22.59225273 -33.29678726   4.38966751 
  5.57126808   3.65380788   2.60990906  12.22717094  19.13270950 -24.85294724  -6.06171703  17.35431099   4.73676109  -5.38878441 
 -5.42326927   2.63709426   2.50592041  25.15138817   5.23392963 -15.09697533   0.44737783   5.95493460   1.00516558  -7.43500280 
 12.52895832  19.34873772  -6.94636965  20.46208191  33.34191895   3.25343323 -14.73911858  -3.29915881   8.23818016   7.45050287 
  7.82473850  40.08470154  -5.07304716   4.35819101 -13.98072338  21.13147163  -4.99214935  19.78668976  -2.89424038   8.13222504 
  5.32160521  -1.83522964  -9.22328186  -7.98853064   3.58193040  18.58939552   0.98932129  14.38193035  20.46318054  14.90353394 
 -2.08082795   4.28944874 -12.61410427  -6.17173815  13.52543736  -6.01840734  29.89689636  -0.04011032  15.10290813  17.10237122 
 12.56668663  14.07244110   9.30366230  -8.49176121  15.85682583  -1.14052796   7.21793890   1.82957470  11.13988781  11.04042816 
 15.43759537   3.23281431  27.57806778  33.01158142   4.40657711   1.19306660  17.52035332  14.17820549  23.84222794   7.19348240 
  6.28312588  22.73570061   7.67871046   1.79190516   0.98118234   7.24555540   2.97860575  18.49668312  29.13316345  32.74392319 
 14.73349667   5.73811817  -4.39848566   1.75180900 -28.84424973 -20.21503258   2.16431284   8.96662045 -10.61968040   2.69863176 
  2.13772535   6.19519758   3.19252896  23.45385361  -5.33276796  -2.52601576 -26.47228050   7.19487524  -5.07559776 -10.00632858 
 -2.54028583  -4.84186125  -3.92157412  10.12255764 -10.87836170  -2.77172399 -12.83968258  -8.01617622  18.76256943  22.50195312 
 20.03362846 -12.12646484   4.29456234 -29.85254860  13.51910686  21.38968849  -8.13700581 -18.09165955 -21.32695961  26.34810257 
 32.25866318  26.05657005  -7.72855997 -12.35197926   7.15171146  -2.94325471 -26.03095055  25.34123230  -0.02694216  -3.60593104 
 12.71186447   9.01418591   9.20364666  40.46538162  -5.27863598  15.11127472 -11.62900448  -4.50891972   4.58081818  -9.17894363 
 21.44031715 -29.31841278  -9.96991539   4.00375748  -1.87783062  -0.18082052  13.33663464   0.96496361  -2.53288150   6.77681065 
 -4.87037516 -22.96679878  -4.84593391  15.85093784  19.37322044  -4.21893072 -15.30103683  12.59129620   7.74545145   7.54313755 
 -4.05866385 -10.34071922 -10.29815292  17.29506493   4.23206091 -11.34965134   4.04841900  15.49419308 -23.11259079  18.99856377 
 -6.19207811   7.29405403  -5.85472584  -1.43710971   2.64039564 -14.04717445  12.85391045  12.01315212  13.02794743  16.90099335 
 -4.77342224  21.83660889  27.80217552  -7.82958078   2.87165380  15.62745476 -28.16908836 -30.37400055 -14.75425625  -4.96398878 
 19.92333794  10.01610851  -8.67223263  12.07905197  19.47279739   7.39508343 -20.63723946   5.52058029   4.76120043 -21.96906471 
-19.38697433  10.89347363 -11.53963089  -0.54473633  12.23932171  10.87829018 -16.54868507  13.82288265  30.40358925  -3.62237597 
-12.31349945  -3.39667487   9.22813797  33.78116608  -4.80025911  -4.15625477  10.16624260   9.87513924  -8.63673210  26.92983627 
 -7.19572544  -3.74368358   9.76259136   1.13686943   5.69115305  -7.04853296  24.43243027   0.35764292  17.35102463   7.33343554 
 12.51387119 -12.34978580  20.43305588  10.85792828   5.11675406   3.90782595  20.24266815  28.15249062   7.59219456   0.23185815 
  4.76629591  11.34752560   0.20689583  16.44421959   0.64989281  -7.34234381  28.17630005  22.54570007  18.92246056  -3.20094728 
 24.13137436  -3.19230819  -2.66475749  15.31471729  -4.86227942   1.78239417  19.41408920  -2.30851221  14.93339634  -8.25005913 
 22.40875244  -5.08483696  12.08186054  -5.40328550  -5.45305681 -28.65417290 -13.57389641  13.73987579 -13.85775757  26.56750298 
-28.28225327  17.85251236  -8.10678577 -10.43800449   8.52687740  24.61202621  -0.98241222   3.67175627 -27.30859375  -9.05661392 
 -1.34854412 -13.63377857   6.01387310  -8.94767380  -2.41419530  16.88792229  10.50548077   8.78059006  14.81562328  22.90565872 
 32.66112900  -6.22566795  30.15033722   4.63886213   2.72542238 -14.35656738  -4.25057411  18.99991417   3.46978450  -3.67287350 
  7.02696085  11.93304539   7.04377699  23.16550255   0.14081025 -13.63842773  11.21272564 -10.19814682   0.69883621   0.23045853 
 -1.09883809  -1.06253338   0.75771046  -0.13165998  -0.62173319  -0.22107011   1.48888004   0.95995134  -0.16954999   0.25350964 
  0.35035452   0.03975829  -0.36602280   2.64935112  -0.28386939  -1.65317011   0.50763845  -0.32799891  -0.22955103   0.36044347 
  0.61523515  -0.25970745   0.81400859  -0.81336260  -0.64370638   0.34792221   1.48469257  -0.67597812   0.19584230  -0.79528254 
 -0.13157171  -0.33908239   0.65903813   1.57235062  -2.04911613   0.09471453   3.08323908  -1.29013538   2.26938128  -0.30358046 
 -0.77889711  -2.34801984  -0.39816332   4.11666393  -0.50354004   0.76018798   0.48468122  -2.29871225  -5.71285200  19.29356003 
 -1.54674137  -4.55232525  -8.63481331  -3.28425717   4.26241827  -1.15436041  -1.37990999   3.70928884   0.70128679   0.61115754 
  1.25257277  -0.05383671  -0.37884369   1.11442780   0.69677591  -1.63906407  -0.44813555  -0.85634214  -1.41671407   0.96478850 
 -1.14323604  -0.42879987   3.13304567   0.58820242   1.63788843  -1.01685345   0.13998359  -1.45831525  -9.79911232  -2.64107919 
-17.43242264  -3.79425168 -37.64788055   1.66029966  78.97706604  -0.80833226  -7.12601089  -0.38813093   0.77382123  -0.45658326 
  1.23682177   0.00349051  -1.67996633  -1.14282191   1.69492114   3.24521732  -2.53086782  -0.14403515   1.11918497  -1.34134471 
 -0.44549748   1.05091679   0.42352977  -0.40455806   1.70316160   0.73430622   0.32203960  -2.16173649   0.23734853  -0.29596794 
  0.04564654   0.24071416   0.02828853   2.12295961  -0.00828124  -0.00301219  -0.38692352  -0.98077279   1.29786897  -0.43842939 
 -0.12436530   0.35451791  -1.20527923  -0.30172098  -0.54127550   0.01535818   1.65036404   0.29295698   1.65801215  15.92618179 
 -1.14024615 -17.08384132  -2.80252385  -1.23649371   4.52160692  -1.42439890   2.11913896   0.46256021  -0.84894007   0.82036233 
  0.03565365   0.62957716  -0.50812930   1.46384728  -0.43834546  -0.40191385  -0.56781340   0.81569719  -0.24956062   0.53043973 
 -1.38871241   0.11377204   0.12618648   1.03770304   2.50445223   1.13554597  -3.05576897   0.24594371   1.72520089   0.51951861 
  0.23098819  -0.21241277  -0.97216684  -0.36681870   3.04319692  -0.29351929  -4.94773149   2.27374935  -1.96743703  -1.80153000 
  1.10450268   0.92234713  -3.89787173  -0.26220456  11.74228954  -1.76916718  -2.30613256  -0.76478392  -0.19272679   0.12407184 
  0.73334837   0.07124352  -1.20819020   0.35914925  -0.44943824  -0.36398226   1.33716333   0.58936459   0.01205355  -0.38133752 
 -0.29778650   0.46955299   0.02305125  -0.83534706   0.76833606   0.11761477   0.70224339   0.42161709  -0.49274144   0.00542819 
  0.58464849   0.09327307   0.62725097  -1.28428996   1.26059926  -0.16506197  -0.91730988   1.28820097  -5.01105356 -17.63727951 
 17.05810928  -2.18034387  39.04412079  -1.40116441 -24.37429619  -2.78351164  -1.91427624   0.19982493  -1.47576439   0.41139245 
  0.34346995  -1.00064099  -0.67558652  -0.98092562   1.11373949  -0.36910656   1.70594156   1.92748117  -1.01991677  -0.05726029 
 -0.46093267   0.55340171  -0.02512106   7.69959211  -2.05772662   2.40497661  -1.64809167  -4.38892126  -0.23183046   1.26951313 
 -1.61750388  -3.28279710   0.51700747   9.47842789   1.01713479  -5.34676266   2.00803661  -2.81121898  -0.08149424  -0.04791544 
  0.77005070   1.49065065   1.24983931  -0.17650402   0.30210507  -0.82426077  -1.90471220   0.22223835  -1.93644226   0.10360463 
  0.08751309   2.99083948   2.37812543  -1.39579272  -1.52111197   3.31484962  -2.12112045  -0.90046883   4.67666960  -1.96861207 
 -2.28141451   1.92144358   1.59950113   4.23070574  -3.27559090  -0.86037570  -0.47016692  -2.57218266  -1.17205012   0.09361703 
  0.42293283   0.56699193  -0.93843222   4.36501455  -0.97146291   0.54820549  -0.81012690  -1.10468519   1.26685715  -0.05661751 
 -0.25182047   1.22231340  -0.46453282   5.63044071   0.95899433  -0.96992350  -1.33691978  -4.99879551   5.28836489  -1.11879170 
  0.64720207  -1.27420855  -3.13320708  -0.65388292   2.49510312   3.25522780  -3.06965446  -1.43615782  -0.70102459  -1.70828009 
  2.56830096   0.91027623   0.11493184   4.34205532  -0.42676955   1.48672295  -0.86561298  -4.72060871  -0.52954048   0.03865048 
 -1.06539428   1.58988106  -0.80260390 -12.70888329  -0.24743305  -2.68496442  -4.65487242  22.06516647   0.50052541   0.36987910 
 -0.24647759  -2.97070479   0.00696684  10.17534256  -1.48119628   1.70134628   0.23052831  -7.28621435  -0.42436695  -0.01882036 
  0.32760605   0.12606278  -1.14960182  -1.61257529   2.61082101  -1.25527596   1.92157412   0.47457185  -0.21507150   4.36915016 
 -2.59213758   0.07835594   3.13718414  -0.45346758  -4.54591799  -0.16301976   1.18976939   0.19515331   0.24588364  -0.67672026 
 -1.32637203   0.87167931   1.00637102   2.52492452  -0.66701549  -0.44741327  -2.04889536   1.51755846   0.28060874  -0.70748621 
  0.72117746   1.77313423  -0.48096102   0.80302334   0.28321177  -0.84471011  -0.98435742   0.15635096  -1.06710613   0.54963565 
  0.17744994   0.13489451  -0.96759427   0.25169596  -0.08792610  -1.14547932   1.90844011   1.24598980   1.22757995   0.21112084 
  0.56429923  -0.66668332   0.02536568   0.26962447  -1.09824169  -0.50147247  -0.14602761   1.11443794  11.59384346  -0.57469541 
 -6.90349913  -0.36838451  -4.21314192   0.05259740   1.56630993  -0.49282905   0.16860260   0.17121369   0.18862168   0.63288093 
  0.92659444  -2.84858203   3.24796939  -0.67369789  -2.91847229   1.69621193   2.13216114  -1.38370872  -4.68044710  -6.88462925 
 -1.53658056  15.55520630  -3.47315383  -2.83928132   3.96489072  -0.78832632   5.18216515  -3.49983931  -0.33665526   1.09847319 
 -0.58335102  -0.84564924  -0.53920972   5.40113258   0.39970261  -0.25742650  -5.96430016   2.62728167   0.72675800  -1.26084101 
  1.12129200   1.56478179   0.48735130  13.38040066  -0.43663824  -7.62703228  -1.90492964  -5.05114174  -1.10403204   1.14710999 
  0.44466299  -0.96000326  -1.42558587   1.44085944   0.49774125   0.19314882   1.41608047  -0.64998382   0.36485285  -0.76263940 
  1.58202386  -2.06566501   1.50927639   0.07438872   1.85877419  -0.32670313  -2.28044701   1.04613471   0.52821004  -0.14542624 
 -0.34100130  -0.07127426   0.65357143   1.76775730  -0.13343720  -1.72490764   0.45448321   0.01202423   8.28323650  -2.87233829 
  4.12294722   1.47364843  -3.29028583   0.72415894  -5.22323275  -1.08740187  -4.71589136   3.58515906 -17.27307510 -15.38276672 
 -4.72670317  41.10134506  -1.31104529   0.24701369  -4.38576794  -0.13874845   3.84564114  -0.97587723  -2.31041241   0.20270202 
 31.92603874  -0.27962419 -15.53121853   0.34612200 -11.08521271   1.33898628  -1.57364202  -2.03374958  -3.49503422   0.87959594 
  0.51700544   0.36615804   5.75367689   0.74190474  -0.48573828   0.37455529  -0.57246661  -3.07965589   1.74208045   1.70355034 
  1.38608909  -0.66869080   0.99497783  -2.96058607  -4.16137028   1.05257332   0.54624379   1.36512864   0.41403764  -0.67583036 
 -0.63229519  -1.37794888  -0.68930614  -2.37698412  -2.20689559   0.20458411   8.68340111  -0.34276351   0.69510740  -0.68491876 
  0.54989320   0.99844164  -0.42335054   8.84140778  -0.49060401  -5.51106024  -2.10673809  -0.86818188   0.34658447  -0.26879811 
 -0.74378133  -0.98192602   0.26591226   1.79606640  -0.70238483   1.11770344  -0.90544456   1.07606769  -0.20929912   0.18531647 
 -0.84043646  -0.84090358   0.28243276   6.47600985   0.20013535   1.35897386  -3.02216220  -2.59006929   4.45040417  -2.46210885 
-30.71743011  -0.04807204  44.96136856  -3.09472823  -5.04094315   0.46352538  -8.68359756   1.17162836   0.14865579  -0.50174272 
 -0.23973234   0.32006541  -0.32897222  -1.77981830   1.18861890   1.83513081   0.30813742   0.04965987  -1.19512534  -6.68501806 
 -0.08277219  11.62254906   0.56299061   5.44918108  -0.58067751   0.48973447  -0.39331415  -8.18752384  -1.28510845   0.04664503 
 -0.31924984   0.01137819  -1.71154523  -4.58947468   0.56477058  -1.40445817   9.10014343   0.58690411   0.65766275  -0.18864447 
  0.22952592  -0.32694745  -0.10986015  -0.15571025  -0.38881066  -0.45274311   1.58800471   0.14751928   1.65216446  -0.54447842 
  0.18117872  -0.81598014   1.42021215 -10.48715782  -1.29153764  15.67372608  -0.66755909  -4.12057018   0.19178276   0.69330120 
 -0.70889270  -1.65984809   0.60214645   7.19679689   0.25802925  -5.15904713  -0.59521496   0.18094458 
