   epoch   train    test
       9   76.80   75.64
      19   77.85   76.71
      29   78.15   77.09
      39   78.38   77.50
      49   78.49   77.43
      59   78.85   77.77
      69   78.75   77.75
      79   78.81   77.68
      89   78.81   77.77
      99   78.97   77.75
     109   78.97   77.89
     119   79.16   78.02
     129   79.13   77.90
     139   79.01   78.02
     149   79.20   78.13
     159   79.04   77.90
     169   79.23   78.12
     179   79.27   78.14
     189   79.31   77.97
     199   79.14   77.98
     209   79.24   77.98
     219   79.03   77.77
     229   79.32   78.09
     239   79.26   78.00
     249   79.09   77.80
     259   79.14   78.00
     269   79.25   77.89
     279   79.06   77.87
     289   79.30   78.06
     299   79.27   77.98
     309   79.23   78.07
     319   79.37   78.13
     329   79.22   78.02
     339   79.53   78.24
     349   79.38   78.17
     359   79.38   78.10
     369   79.23   77.89
     379   79.45   78.29
     389   79.48   78.22
     399   79.40   78.06
     409   79.57   78.27
     419   79.57   78.31
     429   79.47   78.28
     439   79.55   78.36
     449   79.34   78.08
     459   79.56   78.38
     469   79.44   78.06
     479   79.57   78.42
     489   79.69   78.53
     499   79.54   78.31
     509   79.71   78.44
     519   79.58   78.34
     529   79.60   78.32
     539   79.55   78.36
     549   79.52   78.35
     559   79.63   78.37
     569   79.57   78.42
     579   79.65   78.52
     589   79.84   78.56
     599   79.71   78.59
     609   79.76   78.59
     619   79.62   78.39
     629   79.70   78.44
     639   79.74   78.67
     649   79.64   78.42
     659   79.84   78.59
     669   79.48   78.26
     679   79.80   78.50
     689   79.75   78.62
     699   79.62   78.40
     709   79.62   78.40
     719   79.73   78.50
     729   79.66   78.48
     739   79.81   78.55
     749   79.76   78.64
     759   79.77   78.55
     769   79.82   78.91
     779   79.75   78.44
     789   79.72   78.57
     799   79.80   78.57
     809   79.83   78.79
     819   79.98   78.84
     829   79.86   78.77
     839   79.81   78.75
     849   80.11   78.95
     859   79.82   78.46
     869   79.74   78.47
     879   79.94   78.64
     889   79.70   78.47
     899   79.56   78.28
     909   80.00   78.94
     919   79.75   78.67
     929   79.83   78.73
     939   79.95   78.92
     949   79.73   78.63
     959   79.87   78.63
     969   79.68   78.50
     979   79.83   78.64
     989   79.78   78.65
     999   79.87   78.80
    1000   79.87   78.80
