  2.51495600  -1.31933391  -0.50976050  -3.14630342   1.13543487  -4.48900509  -4.36929941  -2.95038462   2.24806523   3.23566580 
  4.09051800   4.01718378   4.89176035   3.51860356   5.00392056   3.84094787   3.62742686   3.18929100   3.72999167   1.62394547 
  5.50571299   7.44222069   6.25872898   6.78454638   6.25484085   5.73361683   7.77753162   2.60481477  10.35381508   7.89783239 
  8.95705700   7.56993341   1.32335246   3.64021206   0.49666932   0.16042005   5.32757092  -0.38022628   9.07671165   0.05746265 
 -0.44509333   0.54327911   1.16312385   3.94974804   2.96430182   0.41742018  -1.21905899  -0.47067529   2.61601353  -1.47154713 
 -3.27013683  -4.41182280   4.48616648   1.25052941  -3.32181025  -4.01837587   3.54264855  -1.86171484  -7.38591957   0.50586563 
  3.33251762   0.24811542   6.36331081  -9.50197029   6.12047815   5.36791945   6.92932892   3.20943499   5.77974272   4.62345028 
 -1.19885015  -2.43699169   0.18092549  -2.69835877  -0.64670032  -1.81092024  -0.56338310  -4.32199717  -2.56092381  -0.76708305 
 -5.52369547   9.49592876   1.89091635  -0.36034852   2.59936595  -3.59131217  -0.34969759   5.40882349   0.64052266   0.64236683 
 -5.48377991   2.00687766  -0.76487863   0.04566251   0.72818428   1.91509497   1.08472645  -1.92780769   1.36758232   7.35091019 
 -5.89043951   0.29582691  -3.05580115   7.23286486  -3.18093061  -4.67166328   2.96460986   5.19850922   5.30211163  -3.29186082 
 -2.94225717  -0.21571958  -0.72458524  -1.23426902  -6.81835461   4.22587919   7.76424503  -0.99338955   0.21147357   4.77743387 
  2.21083307   1.30080283   3.11345315   2.58878326  -2.05616951   2.27145791   0.85818732  -1.14311051  -1.93140185  -0.93259817 
  5.28840971   6.85881758   1.49327588  -6.21220732   8.15879345   4.10151625   5.90069485  -3.29938793  -2.03752756   7.93378687 
 -4.54291248   3.12745214   4.34259319   6.01186895  -3.16159844   2.08633828   4.81553507   1.05975187  -1.02501607   3.18000674 
  1.87268293  -3.57730365   0.18860734   0.56952238   3.83027744   1.98619795  -0.10700626   9.09501839   0.19756491  -4.51978159 
  2.41944551   0.61786848  -4.54707193  -6.50990343   1.79123127   1.07846785  -2.79966402  -3.99094868   8.98278141   0.49453524 
 -2.38090158   1.49907124   0.63708740   2.03324342  -8.52723598   0.56964976   6.36148453  -2.09517765   4.26069069   4.09259081 
  4.85452890   3.09790683  -1.29471397   1.48608387  -0.24004711   4.85177183  -4.03022957  -0.28435138   2.42488313   4.68862057 
 -2.91662049   0.88678622   6.80906439   5.88532209   3.90083861   4.68634224   4.03959370   1.80262816   4.07444382   2.08839512 
  6.74145746   7.81410503   2.89796233  -0.34713775   1.95712209   0.39257571  -0.75956661  -4.50115061   2.68835759   3.44087815 
  2.99931526   7.43373442  -2.12629795   6.21088839   4.89365911   8.19266319  -2.71502018   5.20021152   6.16126394  10.58158016 
 -4.35275984   1.44922221   5.95878077   6.33916426   6.19758701   6.01466131  -2.74395227  -2.42479229  -1.20695782  -1.88773024 
 -0.97245407  -0.83278024  -2.09871721  -6.44000626  -1.03697646  -3.96260786   1.04197598   4.46327257   1.29736149  -1.17463100 
  1.72581995  -2.80363321   5.44221306  -6.76573133   1.28466928  -0.03080218   1.68641210   6.02637815  -1.01984644  -2.17353988 
  2.06305361   1.11200976  -3.69581771  -1.58518302  -2.32012320  -3.74669743  -0.62449324  -1.49842441   0.57692677   0.49386412 
 -1.95198822   0.01646131  -3.11661696  -4.38016939  12.50944710  -1.02485538  -0.09808228   1.29787827   0.45817339  -0.60816443 
 -1.38975644  -0.34914047   1.79100287  -0.41634932   1.94819534  -1.63385069 -10.79023170 -17.62908363  -5.80969763  20.42871666 
 -3.10042477   0.38203278   7.54770756  -0.09460241   8.23608589   1.83082509   3.11519194   0.17575578   3.56112933  -2.60934043 
 -1.56002629   1.33694959   0.20801172  -0.31552052  -0.90228564  -2.01012754   0.26120132  -0.44992888   0.02530951  -0.58074361 
  0.92441118   0.57529634   0.42863965  -1.28008032   0.27912915   0.81673145  -0.31866053   0.35175598  -0.41852859  -0.43523073 
 -0.05026735  -0.36398911   0.13065854  -0.48617810   0.21868983   2.37177324   8.30606747  -0.89141971  -0.79397774  -3.33370423 
  0.15210342   3.92593527   1.53557837  -0.76004022  -1.79361248  -5.34716225  -4.71721601  -1.85910022  -0.60258776   4.20110703 
  9.52947617   8.22104740  -1.30668437  -3.95117831  -4.88741255  -3.62730789   2.84499812   0.56296462 -18.69644547   0.83341455 
 16.34751320  -3.14217448   4.08962250  -2.71019006  -0.81755388   1.68754184 -10.71285820 -23.74558640 -12.66708946  40.86738968 
 -4.78590059  -0.89829016  12.12292290  -1.90794849   4.19492054  -1.46508658   0.03944698  18.31757927   0.26400930 -17.01070595 
-12.88077641  -0.46562293   4.56841516  -0.11413006   6.91171455   1.36937714  -1.62744617  -9.32973671  -5.68313026   6.38995838 
 23.67486572  -1.30567157 -10.07526016   3.59243584  -1.03560627  -3.59908175  -1.06464314  -0.57915020   0.43730474   2.21287918 
 -0.67156363  -0.29793638  -2.19081044   1.14928210   1.67210877   0.33256650  -1.30012977   3.26073146 -15.83749008  -4.27054739 
-10.95265102   2.26441479  36.48768997   1.84825981  -5.67938280  -4.82132483  -0.36175418  -1.96433723   2.18369937   2.17495394 
  0.43965784   8.01922512   1.62102783  -2.22550821  -3.64745069  -5.23949289   0.06632610  -2.42879033   0.78141493   1.68095219 
  6.46516943  -5.62076187  -5.99664164   5.23493624  -2.63076067   3.44805360  -6.85134554  -2.81980276  -0.28262395  12.24029160 
  6.06858349  -0.19101566  -3.36557531   0.40358326  -3.66299677  -0.53883374  -9.38815212  -1.39906836  16.45385170   8.94617748 
 -6.79267263  -5.37563038   0.07210405   3.30127454  -7.11130810   2.29408860  -0.07137453   1.60113597   2.97342944  -3.02171922 
 -4.56195736  -3.80897665   4.77355051  -0.73316693   0.02369802   3.82551169  13.04330635 -11.47721100   4.58273220  -1.92089748 
 18.29686165  -3.90009761  -3.69223166  -3.63589072 -11.60962296   1.31297457  -1.59580564  -1.50145948  -0.69642311   2.99637413 
 -0.00492864   7.74448013   0.28186107  -3.46188307  -0.53876686  -2.22345257   2.79373908   0.87282574  -0.80543047  -1.23756778 
 -2.12807775   4.33321333   2.70009780  -0.46501121  -3.37994194  -1.68383086   1.36016452  13.48769760  -0.47146362  -6.29079723 
 -6.96928549   3.30948353   0.58974588  -2.79882121   0.21794406  -1.43491459  -0.10855564  -0.83726126  -4.39440393  -2.83734393 
  4.78070164  -2.14540982   1.51816761   0.98824447   3.09997845   0.93598866   2.89097238   3.17259479  -6.61665821  -5.62252855 
  4.13407183   5.49491405  -0.66473520   1.43755043  -4.93471289   1.70788038   2.53425598   0.45582688   2.37846804  -3.00948882 
  0.44149250  -0.03317121   1.91080797   0.57093447  -3.33313751  -0.91616809  22.41120720  -8.68598938 -11.61795139   4.06573391 
  4.05593395  -2.69759274 -21.96135330  -0.43465862  14.73348808   1.13347876   4.83020830  -3.46658134   1.75599384   0.39241129 
 -5.71694565  -2.32666373  -1.06953049   1.18037355   0.49495372   4.92581606   1.45492160   0.14003816   1.51251924   0.72628653 
 -0.58853960  -1.64256167  -0.78280222   0.54175735  -1.14938128   0.78774035  -0.08362852  -0.04461414   0.59778500   0.89115393 
 -0.20148103  -0.33467320  -1.13740444   1.74345005   0.25396544  -0.68453997  -0.11740691  -2.31120634   3.07189322   2.22994804 
 -3.37149429   3.84584188  -1.36253488  -1.42259002   3.40400052  -2.96655679   3.03194332   0.46316001   2.00911427   0.67481160 
 -2.90436101 -11.33498192   0.18234944  25.22361374  -3.37027192 -12.97534275  -0.22502196  -0.94214928   0.09429582   0.40839505 
 -0.28722748   3.99185228  -0.29935101  -1.03588903  -1.55331945   0.84840578   0.16178150   0.22462714  -1.15400541  -0.72381592 
 -0.08625860   1.14548862   0.80360031  -0.11712013   0.97455740  -0.22885640   2.13447690   0.64719665  -0.88391221  -0.49364477 
  2.44049168   1.07950211  -1.43267846  -1.98703599   1.38438964  -1.88877583  -3.23130679  -1.68293631  -4.25378084  -1.70876515 
  4.33352804  -1.96885765  11.43963909   0.82889366  -3.31606698   0.55964351   0.27441499   0.34005073   1.31862342  -0.90586925 
 -1.73834968   1.63312829   0.31868359   1.20328903  -1.06977189  -0.37420365  -0.35810882  -0.98118770   1.00794733   0.43890908 
  0.76329464  -0.39693719   0.39427635  -0.06334253   0.28806388  -0.09291261  -1.82287109  -0.60118109  -2.80727792   1.75723743 
  3.36036229   2.80862951   0.72910565  -3.29440308   0.68318337   0.18717435   4.93420362  -9.81018925   0.89059538  14.55780125 
 -7.93452740   0.19393688   4.69072151   4.65349770  -7.09268284  -4.08343887  -0.19714104  -0.95510274  -0.79059130   0.87229460 
  1.05058658   3.09487724   0.98691326   1.07055712  -5.41840363   1.28598988  -1.54570806   2.23848414   3.06915903  -1.42614162 
 -5.67676449   9.05082703   1.51413512  -7.16970444   4.68208265  -3.73622394  -0.84863061   0.44958878  -0.76747864   1.27239084 
  0.28534523   1.12057567   1.06479037   1.08047533   0.88317180  -3.54029202  -0.46903750  -0.66445935   0.94028652   2.11686087 
 -0.25026137  -9.64759541  -0.11598216  -5.99674511  -4.25048876  19.33726120  -0.53602064  -0.61735684   0.87745935  -0.35427603 
  0.75961494  -0.54339474  -0.55601114   1.79912627  -0.68561012   0.85646391   0.62152708   0.06457537  -1.36264765   1.46921933 
  0.39553130   4.60624886  -0.72868180  -3.31171966   1.58310270  -2.33719945  -0.71333712  -0.19682126   5.74871302  -1.32719374 
  2.35985827  -1.01733029  -3.12238789  -1.38761771  -0.33664650   0.99273622   0.26398131  -0.97426337  -2.12913895  -0.75978673 
 -1.39154935   5.13369751   3.05863571  -1.32591546   3.23390913  -4.10955524   2.41648698  -0.33326605  -0.84765482   4.00186634 
 -0.86370367  -0.31046924  -5.80117893  -0.98281616   2.03967619   1.68101883  -1.08010221   0.21920305   1.83275461   1.97795701 
  7.55149031   3.13788748  -7.00973845  -1.04639256  -2.62325835  -1.95984626   3.73403096   1.12744451  -1.03221667  -4.30561638 
 -0.21093737   1.21562874   1.19306493   0.27810568   0.13563567  -1.13512599  -1.03177273   3.98765659   0.29386073  -5.45917511 
 -0.33548933 -11.48287106   2.44449115   8.60067272   4.24893856  -0.26624879  -0.17185356   1.79799080  -0.41591933  -3.94661283 
 -1.65773737   5.29788208   1.75412178   1.04400480  -0.34022334  -2.36163568   1.71280062   8.35100842  -6.84188700  -5.71453667 
 -0.55087692  -0.11727354  -0.70890552   0.15266673   6.90800381  -2.19109178  -1.92493165   0.24718179  -1.94266772   0.64751929 
  5.94314575  -0.73603714  -3.47765970  -3.73310995   3.55787849   2.41866636   2.47209239   1.09090960  -3.12852907   4.82675409 
 -1.79002929  -1.63207757   1.18632233   2.65714431  -2.10188103  -2.58068705  -0.76906437  -0.54689282   1.20016348   0.43323976 
 -0.20194516  -0.41902301  -1.33419371   0.25306377   5.13408279  -2.74943590  -0.15949713   0.01386412   1.57366455   0.61181206 
 -1.40798497  -0.59958202  -1.05833793   0.02899676   1.61546314   0.38160941   1.87382424   0.42901197  -1.46017444  -1.36223030 
  1.10081112   8.46042824   1.97801769   1.23552752 -11.22565842  -0.02953444  -1.72909641   2.03322220   1.24615848  -1.62458420 
 -2.31893730   7.59402704  -0.91471624  -0.42385909  -1.27070451  -1.59151268   0.04572583  -0.01170665   0.24955413  -0.87921184 
 -0.87561202   0.03426652   0.66474599   0.76753253   0.99808830   0.00662887  -0.09128166   1.27493036  -0.92781079   0.39736256 
  0.12865815  -1.40740454  -1.57586837   0.03637064   0.08857971   3.07646489  -0.18089001  -0.49854124   0.53513509  -0.36251789 
  0.34638220   7.26219463  -0.25503856  -5.12000704   0.14443634  -0.87114084   4.23235035   0.61809123   2.36310506  -3.08323503 
 -3.34741664   3.49973154  -0.81513947  -1.42223322  -0.71445608  -0.33067060 
