   epoch   train    test
       9   97.84   97.46
      19   98.17   97.55
      29   98.27   97.72
      39   98.45   97.73
      49   98.39   97.79
      59   98.50   97.89
      69   98.50   97.89
      79   98.64   97.89
      89   98.65   98.01
      99   98.65   98.09
     109   98.60   97.83
     119   98.67   97.94
     129   98.69   98.00
     139   98.75   97.92
     149   98.75   98.15
     159   98.71   98.12
     169   98.74   98.09
     179   98.76   98.15
     189   98.80   97.97
     199   98.77   98.08
     209   98.73   97.96
     219   98.80   98.01
     229   98.83   98.00
     239   98.75   98.00
     249   98.79   97.90
     259   98.81   97.94
     269   98.86   98.05
     279   98.85   98.10
     289   98.88   98.10
     299   98.86   98.19
     309   98.86   98.09
     319   98.86   98.05
     329   98.84   98.12
     339   98.87   98.05
     349   98.87   98.07
     359   98.83   98.05
     369   98.87   97.97
     379   98.92   98.08
     389   98.92   97.98
     399   98.90   98.12
     409   98.87   98.01
     419   98.93   98.18
     429   98.89   98.05
     439   98.93   98.04
     449   98.92   98.02
     459   98.83   97.94
     469   98.95   98.06
     479   98.92   98.02
     489   98.94   98.05
     499   98.92   98.06
     509   98.98   98.14
     519   98.94   98.08
     529   98.96   98.16
     539   98.95   98.03
     549   98.97   98.13
     559   98.95   98.13
     569   98.94   98.10
     579   98.93   98.01
     589   98.95   98.06
     599   98.97   98.12
     609   98.97   98.09
     619   98.95   98.12
     629   98.95   98.14
     639   98.92   97.97
     649   98.93   98.05
     659   98.99   98.13
     669   98.94   98.10
     679   98.99   98.22
     689   98.97   98.05
     699   98.98   98.09
     709   99.01   98.06
     719   98.99   98.13
     729   99.02   98.09
     739   99.00   98.08
     749   98.96   98.03
     759   98.96   98.09
     769   98.98   98.10
     779   98.97   98.02
     789   99.00   98.10
     799   99.01   98.11
     809   99.02   98.17
     819   99.00   98.09
     829   98.97   97.97
     839   98.95   97.98
     849   99.00   98.06
     859   99.04   98.16
     869   99.02   98.02
     879   99.01   98.17
     889   99.03   98.09
     899   99.00   98.12
     909   98.95   98.03
     919   99.01   98.02
     929   99.03   98.12
     939   99.05   98.10
     949   99.03   98.07
     959   99.04   98.12
     969   99.04   98.11
     979   98.99   98.12
     989   99.04   98.15
     999   99.03   98.15
    1000   99.03   98.15
