   epoch   train    test
       9   35.76   35.41
      19   47.90   47.63
      29   55.80   55.99
      39   60.77   60.82
      49   63.92   63.74
      59   66.11   66.01
      69   67.54   67.46
      79   68.69   68.82
      89   69.66   69.90
      99   70.39   70.67
     109   70.99   71.27
     119   71.51   71.73
     129   72.02   72.41
     139   72.39   73.00
     149   72.74   73.40
     159   73.08   73.73
     169   73.41   74.03
     179   73.68   74.42
     189   73.91   74.67
     199   74.12   74.95
     209   74.32   75.18
     219   74.53   75.39
     229   74.70   75.60
     239   74.89   75.76
     249   75.05   75.88
     259   75.20   76.00
     269   75.33   76.12
     279   75.45   76.27
     289   75.55   76.47
     299   75.65   76.63
     309   75.74   76.73
     319   75.83   76.81
     329   75.91   76.84
     339   75.98   76.93
     349   76.08   77.07
     359   76.14   77.13
     369   76.20   77.20
     379   76.26   77.23
     389   76.33   77.27
     399   76.39   77.37
     409   76.45   77.39
     419   76.51   77.48
     429   76.55   77.50
     439   76.59   77.55
     449   76.64   77.60
     459   76.68   77.67
     469   76.75   77.70
     479   76.78   77.74
     489   76.81   77.81
     499   76.85   77.81
     509   76.87   77.86
     519   76.91   77.90
     529   76.94   77.89
     539   76.98   77.93
     549   77.03   77.96
     559   77.06   78.00
     569   77.07   77.99
     579   77.10   78.07
     589   77.12   78.09
     599   77.15   78.10
     609   77.19   78.11
     619   77.22   78.14
     629   77.24   78.18
     639   77.25   78.17
     649   77.28   78.17
     659   77.29   78.17
     669   77.30   78.18
     679   77.31   78.18
     689   77.33   78.21
     699   77.33   78.23
     709   77.37   78.25
     719   77.38   78.26
     729   77.39   78.28
     739   77.42   78.32
     749   77.43   78.35
     759   77.44   78.33
     769   77.42   78.38
     779   77.43   78.36
     789   77.44   78.38
     799   77.45   78.40
     809   77.45   78.40
     819   77.44   78.41
     829   77.44   78.39
     839   77.46   78.43
     849   77.46   78.45
     859   77.47   78.44
     869   77.47   78.42
     879   77.48   78.43
     889   77.48   78.45
     899   77.49   78.46
     909   77.48   78.46
     919   77.50   78.44
     929   77.49   78.44
     939   77.50   78.42
     949   77.51   78.44
     959   77.53   78.46
     969   77.53   78.44
     979   77.53   78.40
     989   77.53   78.37
     999   77.54   78.37
