  2.39242983   2.58491898  -0.59640503   3.30281329   8.63420010  -0.84418827   2.19141769   0.27518436   5.45631695  -4.40673733 
  7.00555563   2.31258130   2.16415644  -0.42857468  -0.73843539  -2.43277979  -6.19427681  -0.99171185   6.60214520  -2.25608373 
 -0.53357756   4.06012630  -1.33704865   1.45387316   6.30854940   4.21091080   1.11631596  -0.15937153  -1.92795825   5.37983465 
 -0.49984622  -9.34521198   1.25393116  -5.12981319   2.56473255   2.92585301   1.11411357  -4.55917406   1.34594381   4.84142494 
  8.36345196  -2.28493142  -5.99354696   1.53826725   5.98742771  -0.33393463  -0.03234580  -0.76661032  -6.76033688  -2.98175406 
 -4.34335327   8.20521832  -1.10548413   5.27806568   2.95543098   9.84805870   2.23934841   2.69789267   3.93200707   2.84170532 
  6.13050938   6.01522779  -2.31637216   4.75158787   3.27610922  -1.83828866   6.17570591  10.36446667  -2.22628880  -1.57678926 
  2.56316161  -5.91683102  -1.73311651   1.20977664  -0.13696828   2.51162148  -1.70591938   9.33040524   1.31541431   2.04365659 
 -0.60191542   0.25337127  -0.33409837   4.13495922   0.08312052  -8.61463833  -1.05476964   9.40942764  -5.98017979   5.09555149 
  3.48946548   7.06356239  -6.32929087  -1.07727182  -2.10421705  -1.86759353  -1.12353992  -0.95315492  -5.56859159  -1.75731206 
  5.49425793  -2.11177802  -8.01400089  -1.17250252  -3.47293472  -4.39778471  -4.41557789  -1.56250763   5.58701420   9.20674896 
  6.43398523  -1.68151426   3.36079383   8.13297939  10.24740505   3.95735121   6.50269270   4.28808737  -2.25322151   5.78125381 
  4.33443499   0.10853395  -1.61880410  -0.32185626   0.91528052  -1.34852016   0.78128004   7.84791088   8.95199585   6.06458187 
 -3.28025460   4.02058458   5.27467918   6.45316935  -2.83921409  -0.33032143   5.26438856   1.18735456  -5.40899563   1.00470936 
  0.08827779  -2.55554485  -3.75825500  -4.91225910   3.80852747   4.91018915   5.86644697  -2.58323407   0.46450660   3.22894907 
  3.96209049   1.98443270  -0.54083014   2.84763622   2.22454810   6.36119747  12.28058243   4.63266563  -2.71372771  -2.95250916 
  6.50595331  -0.77470058   3.72719455   3.34666371  -0.29666007   4.43354607   2.17678475   6.55477858  -0.12859446   2.13207221 
  7.06836700   1.06248748   1.41467452  -0.33119300   8.63737011  -2.41617823   4.81814384   2.23336959  -3.25319695  -3.55599189 
  7.59455872   3.19875026   6.92378855   3.07822418   8.08866405   6.65996170   2.59821129   7.93108702  -0.67432946   6.96508121 
  7.05621433   7.54086208   6.26408958  -3.13172436  -0.53834653  -4.38012505   9.63325977   2.78993797  -2.36946034  -4.25323343 
  5.30085087   8.19010735  -0.83748907  -9.80950832   5.15795135   5.02768421  -5.13789845  -2.50853419  -3.87556744  -0.38239393 
  0.80194199   3.78905034   6.15037155   3.29944634   9.83045292   3.42083001 -10.24209213  -3.24324036  -4.42533493  -3.21793437 
 -4.77869844  -2.62181139  -2.17594576  -4.18104887  -0.44278818  -8.28854561   4.52699184  -2.45522094   0.26620725   3.29810572 
 -2.13209438  -3.43230271  -3.14965987  -0.82442003   2.47375607  13.03262711  -0.85644299  -3.97001553   1.07026350   2.88000154 
 -4.50533342   0.96688747  -0.18146540   3.51351595   4.74552965   0.12282885   0.21937823  -5.81305313   5.33235025   9.13622189 
  1.50410640   1.60373485   9.16883373  -0.69546825   4.80470514  -1.80172682  -1.08346450   4.33260489   2.55638790  -3.04440665 
  2.73080087   2.09218860  -2.95451403  -2.86163306   5.28426647  -3.02905846  -2.97571659  -2.82884479  -1.20186687   0.40665829 
 -7.53507805   5.59922695  -5.94572830   2.32530308   1.83289373   3.44426799   2.40808272  -0.73617965  11.21397209   0.51840144 
 -1.02191699   2.14800501  -2.14163446  -2.51116014   5.63758612   8.73682022   3.11664915   5.43391371  -0.31193811  -2.38771534 
  3.60056233   1.46936464  -1.01769447   4.67107296   0.07822607  -1.00883436   4.64966726   9.08400154   2.40550947  -5.66804600 
 -2.11312222   9.10190678   4.32843256   0.46050826   1.28220510  -2.06026578   3.78770924   8.06169605  -1.25754118  -3.21211648 
  1.01349235  -0.04562756  -2.57134652   1.91583431   4.38976908  -0.16945687  -0.73416895  -0.69659275  -5.64076662   8.53414249 
  4.54988861   2.56423473  -3.35071254   2.05386138  -9.00723171   3.03347039   0.82884115   6.79173946   4.72304106  -1.45340848 
 -1.78395426  -4.86852646   4.46694279   3.95720077  -5.23654413  -3.40903902   3.16257191   2.57589889  -0.44567999   0.66511905 
 -6.28628731  -3.41567159  -5.26706266  10.12188816   9.30608463   7.32036209  -6.18135595  10.85560799   3.99717546  -1.56968689 
  2.63378596   7.16494322  -4.81476784   1.33575046   8.04146576   1.42624152   2.83174562  -0.83060521  -8.19181061   1.60074317 
 -0.02101486   1.26081002   4.72979736   1.84499061  11.70088005   0.40153635  -1.29949534  -2.60253477   8.46081924  -4.04433966 
 -1.59539080   1.32429624   9.53556442   0.48098299   2.42506742   1.54053605   5.88444805  -0.84526289   3.56040478   1.58214772 
  7.09066534  -0.85684901   1.78896010   2.44458365   1.85497427   2.84032965   7.79306984   5.78196526   0.09605966   0.56355673 
  9.59642792   0.60761267   3.51087832  -0.48569018  -3.00867486  -0.60351813  -4.61423540  -1.55082309   0.27899155  -7.42796183 
 -0.36449137  -6.63341951   0.65496582  -0.61946934  -4.46419668   6.52662802   2.15998507  -0.41614878  -0.73636365  -1.38701999 
 -2.23247313   8.80845165  -0.23517577   2.49747562  -2.04721498  -0.53809500   0.93421274   2.90441322  -1.76461506  -9.25968552 
 -0.16813189  -3.66444349   1.57596815   0.56898326   0.18010114   3.86593533   8.43579769   5.06350327  -0.28954399   2.41125035 
 -7.00906849  -1.44424295   1.46228242   3.67913485   4.14896870   2.84975815  -5.62017393   7.10258436   5.75500298   1.61140895 
  4.69979048  -6.69397783   7.98095655   2.93349266  -4.97026110   3.78221965  11.29716206   2.05699325  -0.18806732   7.92144966 
 -7.16421604   8.69171524  -2.41242075   2.57521152   2.18803930 -13.45263195   7.82732582   5.66187716   1.76317501   5.28603554 
  2.16492486  -1.94038820   2.68025398  -3.07266283   9.22140121   2.12629199   6.02948570  -3.06908083  -2.01393843  -1.50025713 
  0.06021562  -7.32148123  -8.18345928  -0.95003474  -2.86394572  -0.29317582   1.47991729   3.98175907   1.25047731   0.44854146 
  2.18626380   5.41408062  -3.87684464   6.34857178   7.82076263  -4.67856312  -7.10239410   4.21858788  -2.07755232  -0.98704940 
 -3.24764395   7.49053097  -4.56530571   9.30922699  -3.11037374  -4.16161013   0.65566629   8.32128429   2.56251478   5.13340235 
  1.89888406  12.11109066   3.67932820   7.42227030  -2.05776358  11.40158939  -1.19880736  -0.43016744   3.89027500  -0.66262174 
  3.69324303   8.89922428   0.81659681  -1.11471653  -1.33289421  -0.55686074   2.18661308  -3.64441419   0.23378256   4.13186598 
  0.75129658  -0.47127560  -0.87866074  14.22555733   1.10553575   0.70130980  -0.41540411  -2.30403328  -4.00989485  -1.66843963 
 -4.00182104  -1.75414050   0.76549101   0.81990075   1.19767141   0.14607349   0.72888416  -1.08701694   1.84660578  -0.35653964 
 -2.72604752  -0.33501971  -0.77037120  -0.02325353  -0.42627105   0.14599530  -0.11983120   1.10396612   0.40509057   0.02277979 
  0.01180738   0.65009046   0.30231979  -0.45705828   0.04123819   0.96140152   1.23226547  -1.62971091   0.31987172   0.45450833 
 -0.48138455   0.25654611  -1.37194586  -0.95985895  -0.68045592  -0.37782127  -0.34521946  -0.86209434   0.71632600   3.00567174 
  3.91538620  -2.03998661  -0.31125942   2.63421130   2.54463243   0.86502379   0.16249335  -0.16974191  -1.78121984  -1.75014639 
 -1.37540567   0.18141039  -1.33428288   0.12691933   4.08509445   0.46204028   1.04927433  -0.85591501  -0.40402305  -3.03430343 
  3.16640782  -2.26120925   0.01386622   1.46378446  -0.08307970  -1.97391677  -1.24065804  -4.24374866   1.74579453   1.36773443 
  4.86726999  -0.91706800  -0.07847050   0.13360931   5.47347689  -2.64190292   0.22383107  -0.47661853  -0.48296991  -0.86937273 
  1.96909845  -2.25068116   0.26860315  -0.58645058   0.60533553   5.81733704  -0.28334549  -2.00907946  -1.20851970   0.71063066 
 -3.11415267   0.79963082  -0.49702477  -0.04764027   0.44130975  -4.15848017  -1.09493160  -0.05641379   0.50799876  10.56781292 
 -2.66629648  -1.99632514   0.68981045   0.02474719  -0.13634194   2.83643794  -0.08770493   1.96759415  -1.03732753  -1.96801865 
 -4.10848761   2.81928873  -3.03311539  -0.21638103  -1.80920351   3.41568160   0.25665432   6.40434456  -2.84647679  -1.84527516 
 -2.88655972   3.56031632  -1.74073613   0.33143935  -3.80077767  -0.03577666  -1.07983065  10.81111336   3.51729822   0.38819617 
 -6.18064070  -1.21029055   1.15985680   0.03866114   7.10034990  -1.02690625  -3.73973560   0.41451037   1.50939333  -0.83346480 
 -5.51750612   1.89485216   0.69278622   2.10137463  -1.70441329  -5.52591181  -1.04706764   2.26205850   1.24906456  -1.03829467 
  0.92486852   3.08552861   3.84435320  -1.39318883  -2.62340856   5.30574226  -2.37921262  -2.95445943   2.04354572   1.23008633 
  1.65669346  -3.73015285  -1.75016594  -0.50470579  -3.87233019  -1.26513815   0.09031590  -2.89026856  -0.23900315   1.32180512 
 13.52836895  -3.41887593  -1.48465037  -0.55752355   8.47113609  -0.30383924  -1.11821699   0.19525088  -3.71002698  -1.73873627 
  0.40738595   0.83920735  -0.40154475   8.12574768  -1.69807422  -0.11574997   0.55790883   1.75449133  -1.13932943   0.15119715 
 -3.03605533  -3.19857693  10.76807690   0.28489760  -0.28985396  -1.73792613   1.68330395  -0.99651062  -1.84491575  -1.19234431 
 -4.03149033  -1.64323258  -1.30286050  -0.91201818   0.71664757   8.17863369  -0.65027541  -1.64402807  -0.46334997   7.71339655 
 -3.80964589  -6.82648325   0.72580171  -2.79939866  -1.84459794  -1.14669847   0.00896910   1.40531647   2.59183407  -2.50410366 
 -2.15164208   6.71451759   0.17307030   0.70929670   1.44289720  -2.72527432  -1.48943913   4.76586676   0.58041006  -2.07689619 
 -0.71256053   0.33263111  -0.13280852   1.02388036   0.24016048  -2.03539038  -0.82455719  -1.74505544  -0.28017369  -0.92114460 
  5.13367033   0.54141384   0.35149494   0.30477357   0.58167940   4.77683067   0.24397165  -1.90113246  -0.62062848  -1.71009946 
 -1.13948858   0.11259186   0.54306871   0.82038021   0.25430739  -0.05042952  -0.61426455  -0.05395126   0.50681436  -0.64147824 
  0.04780978   0.18774249   0.05101049  -1.26840067   1.48228645  -0.69580913  -1.00626767   0.85582829   0.04458851   1.73047554 
  0.71510106  -0.90881264   0.29428086   0.05572108   0.50307554  -0.82650810  -1.17204237   9.09106350  -1.41874087  -1.52048826 
 -4.22804070   0.22167447   0.62563133  -0.28631705   0.22879173  -2.12115407   5.56651115   0.84245223  -0.55066001   3.26757765 
 -0.73549879  -5.83734512  -0.24965157  -0.49434763  11.87215900  -4.50185013   1.01713765   0.97241294  -1.66978502   0.43210900 
 -6.01756334  -0.36060616  -1.02924073   1.05855799  -1.44600642   1.69912159   4.67833614  -2.13837123   3.10098886  -0.28245813 
 -2.02280188  -2.61813116   0.75225991   0.47337803  -3.28278279   3.86192346  -1.72897208  -1.36745632   2.53091407   2.29732156 
 -3.98306561   1.44646215   0.74659908  -0.60439098   1.21605325  -0.82561225   1.27578521   2.75258756  -0.94868314  -0.32678893 
  1.21031415  -3.49586678  -4.31980848   0.17247391   4.19474363  -2.13649035  -3.15354609   3.96686816   0.27867916   3.50706887 
  0.67202711  -2.18201709  -0.06787263   0.16980188   0.37121543   2.20911884   1.06548965  -1.64173698  -0.63006240  -0.55057770 
 -0.43054023   0.50516742  -0.32128060  -2.11225343   2.29797912  -1.40236008   2.42336440  -1.92367017  -2.44733596   0.25195959 
 -1.56345451   5.79706192   0.28795290   0.40974173  -0.28176364  -0.43047485  -0.17237826   1.32250726  -0.31525755   0.09298639 
  0.13335980  -0.04667126  -0.36289191   0.35073200  -1.59443045   0.58720106  -0.42544764   0.02825753  -0.00308218   3.95841169 
  0.24977162  -1.78852320   1.60706019   0.20045236  -0.69517833  -1.03614914   0.15657029  -1.09354019   0.43884411   0.22274821 
  1.17749691   0.02170173   2.08171964  -2.98216391   0.12200183  -2.38380980  -0.62814420   0.70535189   0.50346243   1.44180894 
  1.46706450   0.67271388   1.38840997  -0.27120915  -1.76838541  -1.17029238   1.25904882   0.58893973  -0.67420727   2.51599765 
  1.21755409  -2.08585691  -0.89922392   0.76779366   1.44245315  -0.57440370   1.37972081   1.27577782  -2.69022965   0.79992551 
 -1.43542075   0.93360716  -1.83243048   0.29756016   1.15076053  -0.55206209  -0.38754684  -0.24792789   4.67533398   1.78779542 
 -0.06005440  -3.83142400  -0.00023080   0.78579569   2.42047334  -2.99017572  12.51604176  -1.13680673  -6.11784887   0.58163428 
 -0.79415780  -4.26472282   0.31726769   0.00060432   0.50233161  -0.63785774   0.60595769  -0.38149932  -0.21080019  -0.44636652 
  0.75159043   0.49877280  -2.96669030  -1.80087495   3.97092271   2.57547760  -0.84445608   4.56453848  -2.89211774  -2.10756540 
 -2.22075868   2.72151256   2.29266477  -0.30748269   0.95312673   0.74303806   0.85134429  -3.38382912  -0.58662987   0.02767675 
  0.09858146   0.31150877  -1.88241649   1.28849137   0.40142819  -2.17454386  -4.96950865  -0.60294420   1.50039411   0.13331164 
  0.91347611   6.39230633   2.27180290  -0.10686873  -0.92236716  -3.79482698  -2.81392002   4.01577759  -0.94818199   0.80254143 
 -1.00625372   3.50229812   0.21673967  -3.23255587   0.57990819  -3.60779929   1.71270359   6.98366690  -1.45894229   1.00439608 
 -2.47287464   1.27475488  -1.15820265  -1.13685775   0.95544708  -3.54947805   2.50246143   5.37187719  -1.17216969  -0.63465965 
  0.50827372  -0.68668967  -0.08060294  -1.34800494   0.14426197  -0.59450358  13.80052662   0.60143280   0.61169040   0.18393971 
  1.09234047 -13.41107845   1.17441332  -1.35330641  -3.76207304  -0.17252679  -1.30835116   0.19852476   2.28457093  -0.71014100 
  3.03608966   1.61279821  -0.14032660  -0.50467867   0.15550366   0.88501799  -0.23260458   0.57666981  -0.51549131  -1.00968289 
  1.33147478   0.45411772  -2.11034560   2.20896864  -0.96714133  -1.55920005  -7.92529678  -0.48538122   1.92213333  -2.74151778 
 -5.81911612  18.47687721  -1.56786060  -0.24091889  -3.16288519   1.08761942  -4.08791113  -1.25598240  12.51649570  -0.70629722 
 -2.63995576   1.05769527  -1.15212059   0.16572560   0.28677171   2.73553348   0.97495157   0.07432042  -1.46310997  10.43323708 
 -1.22279549  -9.83252048   0.55973506   6.12824726  -2.49988484  -1.59421551   1.11482036   2.14673996  -0.98077309  -2.40265775 
 -2.57372952   1.10171866   0.09419139   0.96909177   1.71994650  -0.02183023   1.10836470  -1.57262588  -2.17985630   1.70806956 
 -1.12026167   0.29491901  -0.85607570  -1.36901164  -1.48376155   8.05593872   1.10851824  -3.36872745   0.64436191  -0.01910602 
 -0.78979367  -0.92234248   0.74800098   1.01137996   2.33924460  -0.97780871  -1.20655227  -2.89453745   1.28210044  -0.51981050 
  1.10097396   0.11701345  -1.01438856  -0.42918673  -3.43569350   3.69109440   0.12867698  -3.88032651   1.16528249   0.10692507 
  2.33830070   2.32932401 
