 -0.53152949   3.26559949   1.42628241   3.13173175  -0.05862379   2.45525861   2.21913314   2.81280231   2.80742502   0.02103485 
  0.57706112   0.79948193   0.66764647   0.98708951  -1.04079103   1.17330647  -2.12307525  -1.71583486   0.30975583   0.38738024 
 -1.70211995  -1.41652930   0.68856776   2.80023026  -1.10043526  -3.86585855   3.35863066   2.21139169  -2.98028231   0.94975108 
  2.79193020  -0.12182783   1.52831173  -1.66355443  -0.15297620   2.31163383   3.20548725   3.43632412   1.91269505   3.17257786 
 -0.27962679  -0.30876735   0.96737379  -0.66711611  -0.81082767  -0.02960228  -1.82509172  -1.79592621   3.89767241  -0.45041862 
  0.08842206  -0.85887587  -0.10023987   0.48827553   0.65820491  -0.83178419   3.38799596   1.00044382   0.52692944  -2.58183408 
  1.70653594   3.13976932   1.37757182   0.50087661  -0.14082085  -1.36366200  -3.41954732  -1.51973355   1.37025189   0.00732561 
  3.03128386  -0.24846703   2.55019760   1.13218653  -0.17927001   1.58994079  -0.41110465  -0.53201050   0.49251145   0.44404244 
 -2.14689589  -2.08999705   1.30597198   3.84029531  -1.60941553   0.35755265   2.50285053   3.65960073   0.37845585   2.33012271 
  0.57007241   3.22793102   4.50244570   2.28922057   3.40539694   1.58524716   0.31385529  -0.72025156  -1.01565278   1.91703570 
  1.32499576   1.60197496  -1.36513579  -0.22898348   3.46399093   2.53314352   3.53759956   3.26676440   1.39466822   1.98174155 
 -0.89153916   0.19154294   3.19789648   0.57349628   1.06078231   2.24363494   0.34133384  -2.66031837  -0.06910261   3.63143158 
  1.51654983   1.62294996  -0.40172809   1.34039211  -1.70451283  -1.99181521  -0.23971696  -1.07516885   2.83615875   1.02895439 
  2.22664809  -0.86420220   1.32425070   1.51495504   1.66336358   0.67995507   1.68903470  -0.24847192   1.31843090   2.56347132 
  2.70629907  -2.25872922  -0.80125111  -1.71491313  -1.97775865   1.79698002  -0.47913161  -0.24636228   3.04126716  -1.42294097 
  0.70713085  -0.22806278   2.00387239   1.88673198   1.00270331  -3.32960463   3.73534346   1.63578081  -0.65222138  -1.83769155 
  2.15419388   2.45621467  -0.35655078  -2.93639231   3.65108085   2.17984200   0.10073042   3.15841818   1.25849056   2.46942139 
  2.19564080   1.74657571   1.83020830   3.19551158   3.06079531   3.35409188  -0.05411541   0.29641995   1.65228164  -1.05732346 
  0.84702891   2.73192096  -1.42725623  -1.21807933   3.28884029   1.66455626  -2.00400805  -1.08483887  -0.40713206   1.00673258 
  2.06949997  -3.62412930  -0.26788062  -1.24398315  -3.35335374  -1.24700761  -1.11645353   0.33821389  -2.95404911   0.67480576 
  1.55204427  -1.48825693  -1.34967899  -1.26738036   2.73120999  -1.46038604  -0.54122102   0.24266595  -0.48270679   0.16671626 
 -1.73982215  -1.53994524  -3.39934921  -0.07907650   0.88125944   1.39927733  -2.19621873   1.77219617   0.79944277  -0.30179837 
  0.10439623   2.64028716  -2.11805081  -3.06951571   3.06951022   2.14442277  -2.35531878   2.90035391   1.91632342   0.30445629 
 -0.11629561   0.11047503  -0.04457055  -1.53725135  -0.70583373   1.68473816   1.68109012   2.01334786   2.43663669  -1.28130269 
 -1.12700963  -1.75980282   0.75699186  -1.01606405   1.52028036  -1.80237770  -1.20325661   1.00034821   1.23132360  -1.46466744 
 -2.35070205   1.11506283   0.94721562   2.93459797  -1.49032557   0.17515273  -0.90370327   0.01801124   0.05392509   8.29221058 
  0.68594790  -3.27369046  -1.91731274   1.30030596  -3.43427920   0.16280055   0.51437896  -0.59072137   0.43778738  -2.87559700 
  0.16124132   1.40671074   0.11672936  -0.73761749   0.07547241   2.49240685  -0.71549380  -3.52203202   8.17463303  -6.15268755 
  0.60538703   2.09401512  -4.03131723   4.41691875   0.99289405  -0.86316913  -1.27973580  -3.48303390   0.39431450  -4.90643358 
  6.93119717  -0.05854180  -0.30108127   2.26407623   4.07203054  -2.63141274  -7.05159664  -1.44880784  -5.20234299   2.82594347 
 -2.59565806   0.09734289  12.99196053   1.99319649  -0.65091121   0.04004276  -0.95570892   1.31240010   1.29418886   2.37901878 
  2.90953422  -3.16946220  -1.56719828   1.39162517  -1.46194923  -1.13221824  -1.99514532  -2.94197631   2.81586337  -2.40901303 
 -5.12699127   7.82733822   2.19436717   4.57030249  -4.76652956   0.83139735   0.00625417  -0.08458515   0.84449649   0.57884985 
  0.86977327  -5.59252787  -2.70330858   3.28827500   2.31929803   1.47325003  -0.12251094  -4.31738234   9.17722797   8.59912014 
  4.60360813  -0.78592020  -7.68655586  -3.06761336  -2.88379478  -2.47948241  -1.67306364   0.56469649  -3.45911241  -1.11405122 
 -3.05874324   0.26337174   5.92516327   0.98920107   2.00221014   0.55354035  -0.38388199  -0.60658157   0.32393527   0.46456134 
 -0.22594659  -0.24315877  -0.24225849   3.56180406   0.22556265  -1.87391436   1.15396273   0.56868005  13.09641361   0.19329572 
 -2.66347718  -0.90913129  -1.91883838   1.15976286  -8.46535301  -1.18739843   4.79337883  -2.08496666   3.96959949  -2.87799668 
  2.76705909   7.92763424 -10.85766411  -0.67086369   1.56000495  -3.52519488   1.44948781   2.48464155  -2.94748378  -0.32262346 
  0.12885390   2.44294667   0.65834105  -1.15364361  -2.28177905   0.54101878  -0.63746119   0.35815209  -1.02851570   0.13891152 
 -0.81632620   4.59014225  -0.63910824   1.14347875  -0.62741363  -1.48196650  -1.90252781   1.03276551   0.73603481  -0.00513646 
  3.60193563   2.17839098  -5.76042461  -1.66513216   3.96003699  -1.17320824   0.61746287  -0.58804959   1.09948421   2.77243233 
 -1.83284640   0.84532076  -1.00752199   8.51236820  -3.58644772  -5.84324551   1.53369844   4.61715364  -3.51424599  -2.19601464 
 -3.16690254   0.61808264   2.52433681  -1.92533851  -1.79146612   4.29816532   0.91177338  -0.04042304   0.48965788   1.67837131 
  1.79992044   0.92591983  -4.72590256   0.14459528   0.87512523  -1.05748725  -0.74399465  -3.32836699   0.27990633   0.19854274 
 -0.24922171   0.94290137   1.30465364   0.01938536   4.02208853  -1.44482458  -0.01809992   6.72045803  -3.19602180  -3.50346017 
 -4.74996328   5.31444550  -2.01588941  -1.23767710   0.89239109   2.79570484  -1.45960939  -2.04106832   0.83692819   3.07288074 
 -1.71917343  -1.50448596   1.50338137  -0.10038511   1.27083659   1.14116621   0.67235070  -1.87897730   1.28961253   0.34333935 
 -0.85646921  -4.07694435  -0.66423583  -1.33323824   5.49185896   2.01307249   5.10503197   2.32667255   0.05639899  -1.12145352 
 -2.25146961  -1.34779501   0.74989128  -1.69259942  -3.79066753   2.96586084   0.39837897  -0.11279135  -1.33183348  -1.05132067 
 -3.07237864  -0.65485764   3.59013796   0.41416857  -1.54656160   4.36745262   0.51292360  -4.08062029  -1.60154486  -1.50528491 
  5.42079735   1.20817435   3.14956760  -2.33427644  -1.45363903   1.68575227  -0.52611947  -1.27375007  -7.83746576   8.12004280 
 -1.80811453  -7.57274580   4.06917381   0.34979048  -1.49257910   8.98282814   0.08791273   1.13425314  -0.64330083  -0.90405488 
  5.24818659   0.63761866  -0.10135448   1.02461243   0.43814081  -5.92258072   1.76343822   4.83330965   3.55995369   1.82180476 
  4.80312967  -4.53357697  -3.72778702  -0.63440013  -4.82801819  -2.05991960  -0.84612644   3.04401684  -1.76218307   1.08276677 
  4.99239731  -2.14463067   2.63562846   1.83397508  -3.62296176  -4.21240997  -7.05365038   1.91303754  -4.19580603  -1.78602898 
 -3.77063823   8.78758907  16.67279625   2.65057302  -7.79320240  -4.42510176   4.59998274   1.45314205   1.14425480  -0.68889713 
 -2.56760383  -1.20262027  -2.69548988  -2.53478241  -2.11797476   5.60957909  -0.51071465  -0.85675544   0.23593132  -0.61261833 
  0.84595877   0.58541286   0.27358407  -0.41684476   0.47316501   0.98325962  -2.67588544   2.45869207   1.29423714  -1.72017145 
 -1.67247009   2.39070320  -1.18280661   2.27796674  -2.87026691   2.69960642  -1.28168416   2.69892144   4.93701220   0.73647189 
 -1.67395592   3.48799348  -1.44080102  -0.09322028  -4.06588650  -2.30567789  -3.70669794   7.27844667   8.32358360  -5.95307541 
  0.80436528   7.80558538  -8.72500324  -5.10233879   7.21565676  -6.94480228   0.27025363   1.18748820   1.27075100  -0.05918841 
 -2.14247346   2.14266944   0.20483147  -1.36795473  -1.07533324   0.56859022  -0.46504971   0.46918383  -2.55684209   2.66747332 
  0.85473257  -0.20091563   1.05601418   0.97930419   0.85121286  -2.65596199   0.76318753   0.41265091   4.32711601  -1.11787784 
 -0.12475348   0.65871757  -1.20375454  -1.27107370  -0.09040096  -1.35445440   1.64526510   0.30633634  -3.48733974   0.52069736 
 -3.52736020   0.84404403   0.93926412  -2.62201619   3.00151324   3.37946200  -2.31484914  -3.50636792  -1.58141518   2.54220843 
  8.90585136   1.79984975  -3.44903278  -2.25519562   0.20438947   0.65557861  -0.66354924  -3.33890080  -0.49111006   1.52001846 
  0.98997867  -1.55834389   0.63691193  -1.00370407   4.17431402   0.73423690  -1.37995255  -0.84054291  -1.30523539   6.97886086 
  0.73696905   2.41974163  -0.58374637  -2.13961816  -3.42495108   0.53817093   3.64114141   2.76493406  -2.59535909  -1.54826117 
 -1.08843029  -3.50586510   6.20319843   0.47972810  -3.00800347  -0.34214008  -0.84737182   0.47228259   6.40326262  -1.40795946 
 -0.14683709  -0.07353708  -1.88170969  -1.59682119  -1.30201137   1.38085926   1.18244457  -0.76135242  -3.25453711   5.48752689 
  2.40579414   1.27071798   4.59978056  -1.37279844   1.92583561 -10.48455811  -0.45497605  -0.64973682   5.63088655   0.53248537 
 -3.67888737   1.56191707   1.22887993  -2.49287796   0.51683629  -1.19630241  -2.19853497   4.63254929   3.52373743  -6.33667850 
  8.61196041  -0.39172405  -5.46354198   2.24047089  -1.40265894  -2.21597576   7.25573063  -2.49293327  -2.42856431   4.92073965 
  1.36273956   0.33706668  -0.17657582  -4.67745399  -2.18472552  -0.91682851  -2.55150270  -2.63487840  -3.69254875   1.49896085 
 -2.98453736   0.33747062   3.19899583  10.16209030  -9.56736469   7.23549891   1.52266729  -1.83321226  -0.13658261  -1.24889851 
  1.33779097  -2.73264289   3.17959094   6.26149797   0.62547588  -5.97524118   1.78236651   1.01575327   0.38173255  -5.12192583 
  0.66832012  -1.98490870  -0.58587927  -1.84533048  13.52678394  -6.83724546  -2.39835429  -2.43951464   2.66950059   1.03700149 
  3.10330510  -1.82688856   1.82609129   2.32470107   0.39488223  -3.69085765   0.36458063   2.18549347  -0.93457788  -2.94555426 
  3.15998459   1.36022282  -2.60769677   6.11815071  -1.64119554  -4.05982733  -1.81650150  -0.28677678   1.98862636  -2.41311216 
  0.66834396  -1.40387046   0.50678027  -0.77165169   0.33806995   4.19076395   2.78679538  -1.25970590  -3.87984300   1.14515305 
  3.23752856  -0.07675419   0.18916391   2.29250646  -1.21148074  -2.22305012   0.89241171   2.77404070   1.87129712  -3.74795747 
 -0.09311584  -1.02108335   0.58867598   2.53992200  -0.22072023  -2.58338642  -0.00728361   3.49593854   4.43630028   4.11669207 
 -3.20597816   4.51426315  -2.94920945  -9.55770016  -8.17739010   8.33079624   3.32173729   1.54934347  -4.41929531  -0.76167285 
 -0.16740623  -3.25760174  -1.55724633   1.69927025   2.69608283   1.89960015   2.13184309   3.47096491   0.40997702  -2.20615745 
 -1.31901765  -2.81308150   0.46227673  -2.14659619   2.62528062   0.38393846   1.39327717   0.34563407  -0.92243159   1.16667116 
 -1.80861139  -0.27575111   1.77822506  -1.17164695   0.03147896   0.46290535   0.34396487   2.07152200  -4.04452276   1.42376757 
 -2.90088606  -0.78209841   2.13241839   0.78082484   1.02168536   0.95380783   1.15022302  -1.42607403   1.79231668  -2.96750951 
 -1.46856415   1.61474657  -3.30717111   1.39141011  -4.27487326   8.49610043   0.07380733   1.36771119  -0.50934321   1.02246630 
  1.55726171   1.34230018  -1.60920739  -0.17024879  -0.66754264  -1.40810764 
