   epoch   train    test
       9   72.07   70.44
      19   74.42   73.08
      29   73.33   71.99
      39   76.20   74.68
      49   73.28   71.95
      59   76.65   75.41
      69   75.66   74.16
      79   76.48   75.16
      89   75.44   73.91
      99   75.73   74.14
     109   77.39   75.93
     119   75.76   74.43
     129   75.58   73.92
     139   75.78   74.39
     149   76.89   75.39
     159   76.28   75.32
     169   76.15   74.78
     179   75.66   74.05
     189   73.20   71.81
     199   75.84   74.25
     209   76.56   75.08
     219   74.99   73.30
     229   74.67   72.88
     239   75.73   74.09
     249   74.37   72.95
     259   75.08   73.44
     269   74.85   73.42
     279   77.46   76.11
     289   73.15   72.02
     299   74.97   73.37
     309   77.34   75.89
     319   77.97   76.39
     329   75.72   73.88
     339   75.79   74.48
     349   76.22   74.65
     359   75.11   73.46
     369   74.50   73.02
     379   75.71   74.63
     389   76.72   75.23
     399   76.62   74.74
     409   75.21   73.81
     419   74.93   73.63
     429   76.81   75.23
     439   75.72   74.36
     449   76.08   74.58
     459   77.17   75.57
     469   75.09   73.84
     479   77.04   75.61
     489   75.54   74.10
     499   75.57   74.13
     509   75.28   73.67
     519   76.35   74.99
     529   75.23   73.92
     539   75.97   74.49
     549   75.20   73.68
     559   75.52   73.82
     569   75.46   74.10
     579   75.83   74.51
     589   75.69   74.27
     599   74.33   72.74
     609   75.08   73.59
     619   77.36   75.89
     629   73.02   71.55
     639   76.45   74.68
     649   75.01   73.48
     659   77.94   76.66
     669   76.47   75.09
     679   76.15   74.74
     689   75.64   74.13
     699   75.44   73.84
     709   74.84   73.32
     719   76.56   75.10
     729   74.50   72.99
     739   75.14   73.83
     749   75.74   74.26
     759   74.81   73.52
     769   76.03   74.46
     779   75.27   73.87
     789   75.13   73.54
     799   75.95   74.47
     809   75.19   73.78
     819   74.59   72.99
     829   76.94   75.39
     839   76.71   75.35
     849   77.20   76.20
     859   75.83   74.34
     869   75.55   74.12
     879   76.15   74.96
     889   75.81   74.14
     899   75.59   74.20
     909   76.42   74.85
     919   76.03   74.72
     929   77.36   75.66
     939   75.07   73.72
     949   74.13   72.55
     959   77.27   76.03
     969   74.42   72.96
     979   77.35   76.12
     989   75.84   74.47
     999   76.79   75.46
