   epoch   train    test
       9   86.45   85.12
      19   87.39   85.83
      29   87.86   86.11
      39   87.84   85.95
      49   88.25   86.51
      59   88.39   86.35
      69   88.71   86.67
      79   89.00   86.85
      89   88.72   86.41
      99   88.78   86.45
     109   89.12   86.97
     119   89.23   86.76
     129   89.12   86.72
     139   88.95   86.67
     149   89.38   87.04
     159   89.37   87.05
     169   89.55   87.04
     179   89.24   86.83
     189   89.33   86.90
     199   89.36   86.71
     209   89.75   87.30
     219   89.35   86.87
     229   89.36   86.56
     239   89.53   86.72
     249   89.45   86.79
     259   89.56   87.03
     269   89.82   87.23
     279   89.77   86.87
     289   89.92   87.09
     299   89.86   87.16
     309   89.87   86.97
     319   90.09   87.35
     329   89.90   87.22
     339   90.04   87.19
     349   90.13   87.24
     359   90.06   87.30
     369   90.01   87.31
     379   90.24   87.33
     389   90.16   87.39
     399   89.92   86.98
     409   90.05   87.37
     419   90.33   87.36
     429   90.02   87.37
     439   90.27   87.60
     449   90.20   87.26
     459   90.23   87.26
     469   90.07   87.13
     479   90.09   87.32
     489   90.17   87.42
     499   90.19   87.24
     509   90.20   87.02
     519   90.21   87.46
     529   90.38   87.42
     539   90.01   87.02
     549   89.94   86.67
     559   90.14   87.06
     569   90.43   87.08
     579   90.37   87.14
     589   90.28   87.16
     599   90.44   87.14
     609   90.41   87.31
     619   90.36   87.14
     629   90.36   87.14
     639   90.44   87.28
     649   90.38   87.44
     659   90.59   87.37
     669   90.21   87.24
     679   90.36   87.32
     689   90.53   87.36
     699   90.36   87.20
     709   90.70   87.42
     719   90.65   87.35
     729   90.77   87.46
     739   90.64   87.35
     749   90.36   87.13
     759   90.57   87.39
     769   90.59   87.41
     779   90.66   87.41
     789   90.71   87.36
     799   90.55   87.48
     809   90.57   87.41
     819   90.77   87.47
     829   90.75   87.61
     839   90.84   87.65
     849   90.74   87.48
     859   90.61   87.54
     869   90.62   87.32
     879   90.78   87.56
     889   90.28   87.08
     899   90.64   87.48
     909   90.73   87.52
     919   90.73   87.47
     929   90.56   87.29
     939   90.77   87.50
     949   90.99   87.54
     959   90.80   87.52
     969   90.57   87.42
     979   90.85   87.56
     989   90.86   87.31
     999   90.66   87.14
    1000   90.66   87.14
