  0.08962846   0.03880751   0.70216513   0.47468448   0.93429351   0.65094548   0.38077927   0.31850696   0.18544251   0.19048816 
  0.78362572   0.95070142   0.10158681   0.45046556   0.34447187   0.38562104   0.12069839   0.24360082   0.83289140   0.58433437 
  0.73325783   0.54062587   0.92707962   0.00724633   0.13463928   0.83224690   0.54764098   0.47549680   0.79863733   0.80575609 
  0.35388076   0.18917851   0.60341644   0.15509099   0.03986425   0.42898890   1.05320513   0.99918246   0.28106222   0.12441234 
  0.25593546   0.72808158   0.00813019   0.62359703   0.05950290   0.01049015   1.31435096   0.17163637   0.47938719   0.56332982 
  0.03140478   0.14495902   0.36860415   0.44012138   0.69411713   0.57722116   1.22603226   0.34671861  -0.05106691   0.05571435 
  0.11229532   0.89485770  -0.01590204   0.89717817   0.63468689   0.17300184   0.89388293   0.73546511   0.83418721   0.70549029 
  0.48856175   0.80043268   0.34364247   0.10892171   0.10943809   0.53555554   0.80753821   0.12467615   0.60387760   0.57897520 
  0.05319603   0.97196394   0.22346848   0.12722091   0.17956248   0.26560745   0.85307896   0.69613671   0.04487640   0.14076366 
  0.11880400   0.09325126   0.99466598   0.21912849   0.95813572   0.31406054   0.68083251  -0.02325498   0.58176595   0.07029102 
  0.01337587  -0.86035484   1.38908696   1.68282866   0.32247266   0.25040552  -0.21460615   0.16031815  -0.41824344   0.01390775 
 -0.11706039  -0.45593593   2.13707399   1.64765513  -0.69034505  -0.36783925  -0.30481571  -0.59644735  -0.35209128  -0.11551723 
  0.72190773   0.10521192   1.16434002   0.49906549  -0.66343254  -0.40604299   0.41763526  -0.75119710   0.44172245   0.04155893 
  0.34751233   0.60217065   0.04877470  -0.08119955  -0.10926188   0.52447730   0.25237527  -0.08846433  -0.10108241  -0.06616975 
 -0.52695441   0.38630730   0.27269316  -0.15604582   0.87553573   1.67170167   0.28514230   0.42905164   0.09487426   0.29082057 
  0.46907669   0.62739879   0.93546593   0.73325676   0.00740722   0.20014684   0.67059284   0.16749451   0.34133506   0.82117873 
  0.55545735   0.95688528   0.13381559   0.22424679   0.34993115   0.84148973   0.53498852   0.63679725   0.97984725   0.04750543 
  0.24416411   0.44402891   0.31841409   0.23007777   0.50725454   0.24296008  -0.29341432   1.31685555   0.11658225  -0.48318246 
 -0.57261813  -1.07787061   0.13440666  -0.55120575  -0.16075398   0.70563370   0.02670814   1.82803476   0.73331445  -1.21044505 
  0.62083662  -0.24875163  -0.18169902  -0.90301162  -1.23401141   0.06928017   0.10264749   1.25834346   0.49870494   0.90925664 
  0.88947362   0.78411984   0.21045554   0.01443050  -1.08335578  -0.06550872  -0.72895211   0.94142812  -1.13325059   0.74800593 
  0.76149136  -0.39716932   0.10961960   0.61904591   0.04749602  -0.12586290  -1.21421528   0.90002012  -0.07041124  -0.07472072 
  0.34428835  -0.13795500  -0.29548576   0.05082341   0.20425735   1.61411464  -1.09605777   0.30930746   0.82094646  -1.07121611 
  0.57321280   0.43679434   0.69530421   0.51344115   0.14775302   0.88922244   0.30764973   0.76264036   0.66396767   0.67565578 
  0.57332313   0.82742208   0.45029876   0.13240966   0.62301278   0.77509052   0.51361042   0.39426228   0.10905667   0.60906565 
  0.17225197   0.34638828  -0.31914273  -0.47529471  -0.06867114  -0.03692243   0.27425343   0.89940608   0.41397008   0.26066053 
  0.64961833   0.06990040  -0.99664569  -1.67818594   0.68184829   1.38385451  -0.04713889  -0.50958067  -0.37013590   1.42025435 
 -0.22597229  -1.32705605  -1.20010436   0.16174681   0.22953200   2.16720080   1.11001658  -0.47166210   0.51358068   0.04319667 
 -0.64717644   2.22840548  -0.78775507   1.35279536   0.26697865  -0.69989246  -0.49218890  -0.18304050  -0.18184985   0.24680783 
 -0.75209802  -0.86381340   0.51599604   0.07317574   0.16317171  -1.72847950  -0.24424195   1.57763851   0.51018256   1.51188409 
  3.04572463   0.64017498  -1.19987869  -0.54360861  -0.01057399  -1.35819948   0.13418195  -0.14377335   0.66512460   0.01777456 
  0.09827125   0.34376258   0.84177864   0.60275900   0.44163641  -0.00111839   0.79623824   0.40867484   0.16003193   0.76532376 
  0.57117081   0.12218986   0.77058995   0.69032520   0.92891002   0.65605867   0.73512328   0.92627054   0.64336252   0.68815845 
  1.03061748   0.77959269   0.27404761  -0.38153452   1.40048921  -0.01419307  -0.79301506  -0.21216115   0.08875816   0.51172709 
  1.45256364  -0.03484996  -0.53032517  -0.20615159   2.66906023  -0.49140158   0.45937043  -1.20656931  -1.14239895   0.25603807 
 -0.67834884   0.07555839   0.19700922   0.00049630   0.48665422  -0.18519534   0.50380099  -1.09338248   1.51331007   0.24792142 
 -0.83488464  -0.29084593   0.68710744  -0.25611529   1.42185211  -0.11491569  -0.64418751  -0.12687129   0.29318029   0.90543455 
 -0.53881669  -0.26767579  -0.45748663   1.28714323   0.81163228  -0.05467049   0.99289912   0.67087579  -1.16184914  -0.41433474 
  2.23376679   0.08680888  -1.05903161   0.54309291  -0.29423481  -0.84354800   2.07051373  -0.11607648  -0.77072263  -0.54849213 
  0.07555742   0.63585150   0.60623956   0.92211807   0.59351015   0.58270258   0.98925424   0.08412480   0.69841880   0.47042197 
  0.30274874   0.72493446   0.05872335   0.14421384   0.53201926   0.75763220   0.59514230   0.18724699   0.27238181   0.36571884 
  1.10721862  -0.11451123   2.03099585   0.47033444  -0.35924271   0.54485482  -0.72851592  -0.74414062  -0.32662427  -0.10380793 
  1.25760853  -0.94126207   2.23911643  -1.01064312  -1.19221306   0.18046728  -0.10561667  -0.50037837   0.96448147  -0.44746658 
 -0.42801809   1.56235921   0.51319611  -1.64051795  -0.41811797  -0.06981621   2.00088549   0.38901541  -0.08241233  -0.82921886 
 -0.27922231   0.31507796   0.51857609  -0.09443012   0.09907828   0.01803413   1.11845732   0.37486193  -0.64926177  -0.41506314 
  0.02100701  -0.95912665   0.47632495   1.44446778  -0.48659417   0.13979672   1.04917860  -0.61070907  -0.43860641  -0.16797195 
  0.01142952   0.04055390   1.89000678   0.38558680  -0.14079390   0.35838273  -0.39835885  -0.20847625  -0.00152651   0.04485743 
  0.90016150   0.87030452   0.44907510   0.65115273   0.91799349   0.37755990   0.52605408   0.36274591   0.26029500   0.97898853 
  0.10855313   0.29896346   0.35059470   0.35792699   0.93491763   0.44936901   0.83573556   0.37471047   0.04969652   0.54196715 
 -0.12202220   0.03628189   0.67435890   1.36544776   0.09745192  -0.06795063   0.35721841  -0.09954540   0.07334932  -0.12592643 
  0.23658635   0.23400600   0.11687851   1.30102336  -0.26875728   0.94751942  -0.71391690  -0.76589471   0.24808931  -0.50840676 
  0.90197712  -0.32148871  -0.83712655   0.57324255   0.22109325   0.83560145  -0.57984722   0.00632300   1.03636789  -0.80225891 
  0.49327886   1.05489814  -0.76517737   0.44350433   0.13029143   0.26557583  -0.45433658  -0.41187653   0.99165612  -0.80259287 
 -0.33329967   0.18861136   0.62392521   0.38926682   0.58997655   0.69977272  -1.03108943  -0.70849270   0.51497418   0.44368997 
 -0.19666319   0.02446201   0.74895722   0.04016269   0.33709523   1.02009892   0.26139632   0.32149231   0.76168621   0.47303969 
  0.83625096   0.16551124   0.34429929   0.27923548   0.35714206   0.80771059   0.39049321   0.29618183   0.01953402   0.44626838 
  0.63627422   0.91215199   0.76996940   0.53926980   0.89507812   0.27757341   0.53793919   0.14813377   0.68012637   0.03699767 
  0.58528507   0.17104717   0.23161989   0.59090382   0.95922655   0.87677860   0.22182989   0.81600058   0.86712492   0.64264452 
 -0.07959787   0.64712024   0.03971373   0.99792546  -0.03141264   0.49829137   0.72922903   1.48781598   0.36236703   0.68826455 
 -0.69972241  -0.42880639   0.74536049   0.44522691   0.03057257   0.19193196   1.14175165   2.52249742   0.18459481   0.23565131 
  0.29902408  -0.49062061   0.60837126   0.06140557  -0.06949093   0.64124709   0.27482018   1.77168834   0.59934211   0.97415102 
  0.01235981   0.15549389   0.40442601   0.50943965   0.22812149   0.02021791   0.78407907   0.44703367   0.63822156   1.06693554 
  0.53417492   0.27108374   0.13311741   0.93482858   0.67453474   0.51209152   0.90531576   0.87697899   0.77912712   0.70878744 
  0.54289484   0.99948049   0.91025394   0.54123271   0.71398371   0.76656711   0.62445736   0.63452977   0.38909525   0.74929219 
