   epoch   train    test
       9   79.96   79.02
      19   80.50   79.31
      29   80.58   79.45
      39   80.86   79.74
      49   80.83   79.82
      59   81.13   80.05
      69   81.16   80.09
      79   81.22   80.08
      89   80.72   79.35
      99   81.20   80.10
     109   81.23   80.21
     119   80.96   79.65
     129   80.84   79.83
     139   80.86   79.85
     149   80.99   79.69
     159   81.32   80.12
     169   81.16   79.73
     179   81.36   80.09
     189   81.08   79.98
     199   81.11   80.04
     209   81.14   80.13
     219   80.79   79.74
     229   81.30   80.29
     239   81.45   80.63
     249   81.53   80.71
     259   81.22   80.26
     269   81.53   80.46
     279   80.99   79.76
     289   81.34   80.42
     299   81.63   80.55
     309   81.31   80.12
     319   81.55   80.32
     329   81.31   79.96
     339   81.60   80.58
     349   81.28   80.16
     359   81.67   80.60
     369   81.15   80.10
     379   81.74   80.68
     389   81.09   80.08
     399   81.59   80.62
     409   81.70   80.80
     419   81.13   79.90
     429   81.40   80.40
     439   81.65   80.69
     449   81.63   80.31
     459   81.70   80.65
     469   81.52   80.52
     479   81.40   80.33
     489   81.23   79.98
     499   81.58   80.60
     509   81.89   80.97
     519   81.86   80.73
     529   81.64   80.64
     539   81.26   80.04
     549   81.64   80.48
     559   81.68   80.64
     569   81.51   80.33
     579   81.64   80.67
     589   81.44   80.44
     599   81.57   80.43
     609   81.71   80.81
     619   81.55   80.50
     629   81.68   80.43
     639   81.54   80.44
     649   81.70   80.55
     659   81.48   80.60
     669   81.77   80.49
     679   81.52   80.55
     689   81.73   80.33
     699   81.19   79.90
     709   81.73   80.71
     719   81.42   80.44
     729   81.62   80.46
     739   81.35   80.09
     749   81.48   80.46
     759   81.55   80.57
     769   81.40   80.36
     779   81.14   79.88
     789   81.27   80.07
     799   81.57   80.15
     809   81.86   80.56
     819   81.30   80.09
     829   81.39   80.31
     839   81.67   80.84
     849   81.46   80.24
     859   81.31   80.27
     869   81.73   80.60
     879   81.41   80.42
     889   81.17   79.83
     899   81.42   80.33
     909   81.66   80.61
     919   81.69   80.58
     929   81.34   80.23
     939   81.55   80.33
     949   81.53   80.39
     959   81.15   80.28
     969   81.56   80.32
     979   81.71   80.59
     989   81.50   80.59
     999   81.84   80.93
    1000   81.84   80.93
